0.8779647350311279 1
0.9020887613296509 1
0.899600088596344 1
0.9228664636611938 1
0.790694534778595 1
0.7073531746864319 1
0.8792713284492493 1
0.6978525519371033 1
0.9449722766876221 1
0.8770667314529419 1
0.7451627850532532 1
0.9696309566497803 1
0.9388800263404846 1
0.8976894617080688 1
0.9115133285522461 1
0.6912261247634888 1
0.9188517928123474 1
0.941218912601471 1
0.8879922032356262 1
0.8559038043022156 1
0.8677968382835388 1
0.8840079307556152 1
0.8665368556976318 1
0.9093502759933472 1
0.8320645093917847 1
0.9131909012794495 1
0.9252898693084717 1
0.8958925008773804 1
0.8832017183303833 1
0.8640986680984497 1
0.916393518447876 1
0.916925311088562 1
0.8880057334899902 1
0.9489300847053528 1
0.8793599009513855 1
0.8951855301856995 1
0.9260818362236023 1
0.9486016631126404 1
0.9333142042160034 1
0.8384942412376404 1
0.9059440493583679 1
0.9180944561958313 1
0.5414926409721375 0
0.4962593913078308 0
0.4600076377391815 0
0.4625402092933655 0
0.4137497544288635 0
0.5928727388381958 0
0.4661638140678406 0
0.5329837799072266 0
0.5163727402687073 0
0.3989275097846985 0
0.41744330525398254 0
0.5605625510215759 0
0.6193600296974182 0
0.5805368423461914 0
0.5419179201126099 0
0.4968438446521759 0
0.5116169452667236 0
0.6257180571556091 0
0.6889538168907166 0
0.46972376108169556 0
0.5493745803833008 0
0.7496697306632996 0
0.4955756962299347 0
0.38611629605293274 0
0.46214064955711365 0
0.592625081539154 0
0.41891998052597046 0
0.3822576701641083 0
0.3484000861644745 0
0.6001461744308472 0
0.532454252243042 0
0.684323251247406 0
0.5175904035568237 0
0.5492395162582397 0
0.5130385756492615 0
0.5362961292266846 0
0.5665601491928101 0
0.4538651704788208 0
0.5935802459716797 0
0.4849071204662323 0
0.4517233967781067 0
0.38779181241989136 0
0.6056388020515442 0
0.6515697836875916 0
0.5813932418823242 0
0.5829852819442749 0
0.5691298246383667 0
0.6672829985618591 0
0.6555030345916748 0
0.6065613627433777 0
0.624605119228363 0
0.6570795178413391 0
0.583395779132843 0
0.5802839398384094 0
0.6490651369094849 0
0.6522365212440491 0
0.6421253681182861 0
0.6924869418144226 0
0.6827784776687622 0
0.6807138919830322 0
0.5547579526901245 0
0.6190248727798462 0
0.5863832831382751 0
0.5704489946365356 0
0.5777191519737244 0
0.5724798440933228 0
0.5611937046051025 0
0.6092094779014587 0
0.5482163429260254 0
0.5941330194473267 0
0.5560248494148254 0
0.6465266346931458 0
0.48191511631011963 0
0.5106011033058167 0
0.6308724880218506 0
0.7135408520698547 0
0.5240033864974976 0
0.798061192035675 0
0.6327263712882996 0
0.5132643580436707 0
0.7538187503814697 0
0.6896153688430786 0
0.6821824908256531 0
0.7464488744735718 0
0.575568437576294 0
0.6734720468521118 0
0.7647265195846558 0
0.6981223225593567 0
0.6920572519302368 0
0.7023006081581116 0
0.7465188503265381 0
0.6826597452163696 0
0.6725038290023804 0
0.6093850135803223 0
0.5133621692657471 0
0.7456264495849609 0
0.6416992545127869 0
0.663130521774292 0
0.5841293334960938 0
0.6862636804580688 0
0.6752079129219055 0
0.4630949795246124 0
0.7065926194190979 0
0.7303193807601929 0
0.6896435022354126 0
0.7410310506820679 0
0.6496948003768921 0
0.47130340337753296 0
0.6504385471343994 0
0.48058417439460754 0
0.6818330883979797 0
0.5699175000190735 0
0.6725951433181763 0
0.7233617305755615 0
0.14799578487873077 0
0.17716512084007263 0
0.11610106378793716 0
0.15459883213043213 0
0.07439050823450089 0
0.11163870990276337 0
0.012716971337795258 0
0.10022739320993423 0
0.11664918065071106 0
0.05687039718031883 0
0.17981284856796265 0
0.20225411653518677 0
0.08745301514863968 0
0.12237777560949326 0
0.1520862877368927 0
0.12514027953147888 0
0.17018015682697296 0
0.07328370213508606 0
0.1034841537475586 0
0.21546971797943115 0
0.14902950823307037 0
0.05910174921154976 0
0.1569952815771103 0
0.12665536999702454 0
0.17910587787628174 0
0.1518934816122055 0
0.08235973119735718 0
0.17094823718070984 0
0.12592878937721252 0
0.9336694478988647 1
0.9615105986595154 1
0.7416917681694031 1
0.9625964164733887 1
0.8908053636550903 1
0.8232301473617554 1
0.9486415386199951 1
0.8282766938209534 1
0.9087164998054504 1
0.9194594621658325 1
0.779500424861908 1
0.9156884551048279 1
0.9135038256645203 1
0.9381571412086487 1
0.9216699004173279 1
0.9515076279640198 1
0.8777576088905334 1
0.7445134520530701 1
0.8758191466331482 1
0.8437113165855408 1
0.9073681831359863 1
0.9334551095962524 1
0.8521589040756226 1
0.8624624013900757 1
0.8168798685073853 1
0.9304773807525635 1
0.8035724759101868 1
0.8703943490982056 1
0.8707972764968872 1
0.7573504447937012 1
0.8914399743080139 1
0.7441340684890747 1
0.9382340908050537 1
0.9170343279838562 1
0.8599331378936768 1
0.9144880175590515 1
0.878053605556488 1
0.95493084192276 1
0.8643257021903992 1
0.9730229377746582 1
0.891623854637146 1
0.8923562169075012 1
0.9300417304039001 1
0.5445874929428101 0
0.3405727446079254 0
0.5693268775939941 0
0.5571132302284241 0
0.4733889698982239 0
0.5510997772216797 0
0.4345110356807709 0
0.3892139494419098 0
0.5586868524551392 0
0.47307872772216797 0
0.5387958288192749 0
0.5468475818634033 0
0.4599207937717438 0
0.5527486801147461 0
0.5857466459274292 0
0.5863848328590393 0
0.615385890007019 0
0.5325006246566772 0
0.3837820291519165 0
0.4925345480442047 0
0.5337633490562439 0
0.4582098424434662 0
0.4327045679092407 0
0.49138495326042175 0
0.6053878664970398 0
0.3719087243080139 0
0.4557205140590668 0
0.5277227759361267 0
0.3745128810405731 0
0.49700942635536194 0
0.43127840757369995 0
0.5358801484107971 0
0.5291175842285156 0
0.5501229166984558 0
0.4441814422607422 0
0.6037033796310425 0
0.6035118103027344 0
0.4532589018344879 0
0.5314013361930847 0
0.4166713058948517 0
0.35135871171951294 0
0.646701991558075 0
0.561249852180481 0
0.675097644329071 0
0.5820828676223755 0
0.5989092588424683 0
0.5839359760284424 0
0.5865113139152527 0
0.6739044189453125 0
0.48993566632270813 0
0.5149718523025513 0
0.6004636883735657 0
0.5800554156303406 0
0.6324164867401123 0
0.6248045563697815 0
0.6947599053382874 0
0.6061781644821167 0
0.6665124893188477 0
0.583904504776001 0
0.5940407514572144 0
0.5812880992889404 0
0.6828442215919495 0
0.6274397373199463 0
0.602819561958313 0
0.6158672571182251 0
0.5712628960609436 0
0.6529732942581177 0
0.5949727892875671 0
0.638995349407196 0
0.579283595085144 0
0.6711524724960327 0
0.49207401275634766 0
0.587401270866394 0
0.610673725605011 0
0.627551257610321 0
0.8061289191246033 0
0.6054999232292175 0
0.7023362517356873 0
0.7263914346694946 0
0.7248484492301941 0
0.6646384000778198 0
0.6813474297523499 0
0.5878393650054932 0
0.5456060171127319 0
0.659965455532074 0
0.7123835682868958 0
0.6501566171646118 0
0.6292119026184082 0
0.617827832698822 0
0.5953637361526489 0
0.49549633264541626 0
0.6453232765197754 0
0.6201468706130981 0
0.742590606212616 0
0.6898835301399231 0
0.7097852826118469 0
0.6406407356262207 0
0.6886554956436157 0
0.6786043643951416 0
0.6441861987113953 0
0.725935161113739 0
0.6900694370269775 0
0.727330207824707 0
0.6146302223205566 0
0.8146165013313293 0
0.6817567944526672 0
0.6521059274673462 0
0.6712064743041992 0
0.6282781958580017 0
0.5617141127586365 0
0.701722264289856 0
0.638224720954895 0
0.7259096503257751 0
0.7470716238021851 0
0.1871301382780075 0
0.2306845784187317 0
0.2150041162967682 0
0.08323966711759567 0
0.16463229060173035 0
0.21261931955814362 0
0.3523656129837036 0
0.23050086200237274 0
0.20088057219982147 0
0.20323684811592102 0
0.1891595423221588 0
0.2135057896375656 0
0.2711406946182251 0
0.24681855738162994 0
0.2797858417034149 0
0.15910238027572632 0
0.2503315210342407 0
0.2239180952310562 0
0.1458960473537445 0
0.12558136880397797 0
0.12769241631031036 0
0.07821687310934067 0
0.13370457291603088 0
0.12925656139850616 0
0.07165667414665222 0
0.10514412075281143 0
0.13556285202503204 0
0.13065224885940552 0
0.0754803791642189 0
0.8396553993225098 1
0.8566926121711731 1
0.9626367092132568 1
0.8812963366508484 1
0.8634268045425415 1
0.8331373333930969 1
0.8849002718925476 1
0.9404873251914978 1
0.7607476711273193 1
0.9444208741188049 1
0.8224115371704102 1
0.8982318043708801 1
0.8540105223655701 1
0.9501458406448364 1
0.8885458707809448 1
0.8824918270111084 1
0.8704710006713867 1
0.948876678943634 1
0.8108173608779907 1
0.8927968144416809 1
0.9037392735481262 1
0.8895842432975769 1
0.9397711157798767 1
0.6970810890197754 1
0.9207568764686584 1
0.9000054597854614 1
0.9155586957931519 1
0.9133195877075195 1
0.942729651927948 1
0.9429568648338318 1
0.9261325001716614 1
0.855573832988739 1
0.9460722804069519 1
0.848892867565155 1
0.9073721766471863 1
0.9109773635864258 1
0.8417092561721802 1
0.9529062509536743 1
0.9450472593307495 1
0.896049976348877 1
0.8844572305679321 1
0.9229916334152222 1
0.5122150182723999 0
0.5025206208229065 0
0.4286019206047058 0
0.5370749831199646 0
0.4119643270969391 0
0.6048865914344788 0
0.3520420491695404 0
0.5419769883155823 0
0.45695191621780396 0
0.5133579969406128 0
0.9333153963088989 1
0.8458123803138733 1
0.8881276249885559 1
0.8806899189949036 1
0.9028554558753967 1
0.8147599101066589 1
0.9347056150436401 1
0.9082772135734558 1
0.8353452086448669 1
0.893225908279419 1
0.9300019145011902 1
0.9047964215278625 1
0.9448993802070618 1
0.9420308470726013 1
0.8266134262084961 1
0.9110137224197388 1
0.7561618089675903 1
0.9613174200057983 1
0.8841015100479126 1
0.8420102000236511 1
0.8421809673309326 1
0.9305370450019836 1
0.9381179809570312 1
0.8500978350639343 1
0.8504922389984131 1
0.9309760332107544 1
0.9414172768592834 1
0.9064913988113403 1
0.8100448250770569 1
0.9191822409629822 1
0.8920173645019531 1
0.8915644884109497 1
0.7161847949028015 0
0.625212550163269 0
0.7275617122650146 0
0.7251839637756348 0
0.632571280002594 0
0.6268100142478943 0
0.6494131684303284 0
0.6248942613601685 0
0.6423490643501282 0
0.6604014039039612 0
0.5706182718276978 0
0.6610873341560364 0
0.6605508327484131 0
0.5834872126579285 0
0.5864012837409973 0
0.7243461608886719 0
0.7343201041221619 0
0.6421525478363037 0
0.6292194724082947 0
0.729817807674408 0
0.6391791105270386 0
0.5856025218963623 0
0.6960334181785583 0
0.6178779602050781 0
0.6833796501159668 0
0.7014871835708618 0
0.7039942741394043 0
0.702826976776123 0
0.6418972015380859 0
0.6224940419197083 0
0.7186716198921204 0
0.5754219889640808 0
0.6487479209899902 0
0.7692587375640869 0
0.6057584881782532 0
0.6184127926826477 0
0.776567816734314 0
0.750863790512085 0
0.7252674698829651 0
0.6902890205383301 0
0.6164044141769409 0
0.7177194952964783 0
0.5775595903396606 0
0.492372065782547 0
0.6756497025489807 0
0.6267948150634766 0
0.717670738697052 0
0.6349058747291565 0
0.6785931587219238 0
0.7226359248161316 0
0.6343132853507996 0
0.7815596461296082 0
0.7373733520507812 0
0.7881408333778381 0
0.7585288882255554 0
0.687833845615387 0
0.7216379642486572 0
0.6927715539932251 0
0.7341477870941162 0
0.508492648601532 0
0.6984077095985413 0
0.7837995886802673 0
0.433042973279953 0
0.596644937992096 0
0.5909413695335388 0
0.6435244679450989 0
0.5890108346939087 0
0.7399547100067139 0
0.8206068277359009 0
0.8931378126144409 0
0.5956321954727173 0
0.7065743803977966 0
0.670403003692627 0
0.319946825504303 0
0.5089588761329651 0
0.2710582911968231 0
0.3477705121040344 0
0.37717896699905396 0
0.4327409863471985 0
0.26432034373283386 0
0.4994383156299591 0
0.41238585114479065 0
0.3874880075454712 0
0.4801950454711914 0
0.271844744682312 0
0.3231147825717926 0
0.39285826683044434 0
0.18385466933250427 0
0.11105477809906006 0
0.2224498689174652 0
0.1358104795217514 0
0.22563569247722626 0
0.2956189513206482 0
0.24250824749469757 0
0.1316395401954651 0
0.29152512550354004 0
0.1415802538394928 0
0.2862389385700226 0
0.28741928935050964 0
0.15682102739810944 0
0.16276875138282776 0
0.15487824380397797 0
0.4959220588207245 0
0.5821972489356995 0
0.4578862190246582 0
0.5241642594337463 0
0.36247536540031433 0
0.5249277353286743 0
0.5707681775093079 0
0.5242115259170532 0
0.5915970802307129 0
0.6532512307167053 0
0.47635337710380554 0
0.41828835010528564 0
0.3907671868801117 0
0.5020997524261475 0
0.5298639535903931 0
0.6436475515365601 0
0.6490466594696045 0
0.5570694804191589 0
0.6222835183143616 0
0.394265353679657 0
0.612241804599762 0
0.5898788571357727 0
0.5117206573486328 0
0.5085958242416382 0
0.4680657386779785 0
0.4826206564903259 0
0.6622759699821472 0
0.4825150966644287 0
0.6238405108451843 0
0.45857900381088257 0
0.5784037709236145 0
0.5174079537391663 0
0.5328916311264038 0
0.5120236873626709 0
0.40268903970718384 0
0.6454885601997375 0
0.5248547196388245 0
0.5394731760025024 0
0.5889785885810852 0
0.5285229086875916 0
0.5991679430007935 0
0.5382514595985413 0
0.9262225031852722 1
0.8438348770141602 1
0.8198547959327698 1
0.8325221538543701 1
0.8634332418441772 1
0.9467660784721375 1
0.9323040843009949 1
0.9383738040924072 1
0.9263197779655457 1
0.8066010475158691 1
0.9156568646430969 1
0.8463091254234314 1
0.9090911149978638 1
0.9337092638015747 1
0.7629620432853699 1
0.8847100734710693 1
0.8779253959655762 1
0.9190170168876648 1
0.6765463352203369 1
0.917007327079773 1
0.9191915392875671 1
0.8797417283058167 1
0.8294582366943359 1
0.9319759607315063 1
0.7967426776885986 1
0.7787600755691528 1
0.8662326335906982 1
0.9310609698295593 1
0.8359569907188416 1
0.877753496170044 1
0.917034387588501 1
0.8841696381568909 1
0.8714268207550049 1
0.8279106020927429 1
0.9167689681053162 1
0.9218022227287292 1
0.8955866098403931 1
0.898256242275238 1
0.910927951335907 1
0.9329338073730469 1
0.8396387100219727 1
0.7936041951179504 1
0.7453271150588989 0
0.6754136085510254 0
0.5804705619812012 0
0.6839695572853088 0
0.7416253685951233 0
0.6665325164794922 0
0.6666965484619141 0
0.6773043274879456 0
0.6561701893806458 0
0.7108386158943176 0
0.6546617746353149 0
0.5797713994979858 0
0.5912090539932251 0
0.6268888115882874 0
0.7104001641273499 0
0.7782011032104492 0
0.5939692258834839 0
0.7327763438224792 0
0.7368381023406982 0
0.6001665592193604 0
0.7886348366737366 0
0.6809921860694885 0
0.5976189374923706 0
0.7487119436264038 0
0.7119669318199158 0
0.6536038517951965 0
0.6712701916694641 0
0.572239339351654 0
0.5605582594871521 0
0.5026403665542603 0
0.6731919050216675 0
0.7664824724197388 0
0.8115463256835938 0
0.5663957595825195 0
0.6823129653930664 0
0.5682650208473206 0
0.6748319864273071 0
0.6649788618087769 0
0.7345162630081177 0
0.7894775867462158 0
0.7536205649375916 0
0.7091781497001648 0
0.657272219657898 0
0.7390892505645752 0
0.534702718257904 0
0.6085544228553772 0
0.6880677342414856 0
0.5951873660087585 0
0.7316775321960449 0
0.528069794178009 0
0.4489710032939911 0
0.4237344563007355 0
0.69931960105896 0
0.730536162853241 0
0.6827793121337891 0
0.5958990454673767 0
0.7047846913337708 0
0.7084962725639343 0
0.5431628227233887 0
0.4677518904209137 0
0.7834781408309937 0
0.7402101755142212 0
0.7012880444526672 0
0.5538151860237122 0
0.6520183086395264 0
0.6262714266777039 0
0.5552494525909424 0
0.668100893497467 0
0.7187565565109253 0
0.6795284152030945 0
0.7117537260055542 0
0.5487721562385559 0
0.7334927320480347 0
0.303417444229126 0
0.3553631007671356 0
0.3362879455089569 0
0.42200759053230286 0
0.32465657591819763 0
0.2947603762149811 0
0.4573251008987427 0
0.4686910808086395 0
0.3234719932079315 0
0.638891875743866 0
0.3815094530582428 0
0.5733088850975037 0
0.3024630546569824 0
0.47906625270843506 0
0.20795711874961853 0
0.4620099365711212 0
0.2680237293243408 0
0.22919227182865143 0
0.06467825174331665 0
0.12209617346525192 0
0.22807535529136658 0
0.2146827131509781 0
0.24396318197250366 0
0.25484973192214966 0
0.26435041427612305 0
0.44681039452552795 0
0.18513329327106476 0
0.2537757158279419 0
0.23820559680461884 0
0.4806676208972931 0
0.46673837304115295 0
0.5394970178604126 0
0.559087336063385 0
0.41801100969314575 0
0.4277022182941437 0
0.5147132277488708 0
0.47359663248062134 0
0.44754958152770996 0
0.6284751892089844 0
0.4790166914463043 0
0.3373454809188843 0
0.5209048390388489 0
0.493736207485199 0
0.49073487520217896 0
0.6794289946556091 0
0.4860329031944275 0
0.6286612153053284 0
0.5709046125411987 0
0.4910784363746643 0
0.6312801837921143 0
0.5652952194213867 0
0.588748574256897 0
0.5020609498023987 0
0.4335595965385437 0
0.3966464698314667 0
0.6581798791885376 0
0.5047377943992615 0
0.5083795189857483 0
0.6336333155632019 0
0.4906752109527588 0
0.44593486189842224 0
0.5666701793670654 0
0.49761858582496643 0
0.3406534492969513 0
0.4623052775859833 0
0.5443779230117798 0
0.715440571308136 0
0.563860297203064 0
0.6418762803077698 0
0.5216308236122131 0
0.4584418833255768 0
0.8976022601127625 1
0.9331439137458801 1
0.9094351530075073 1
0.9163764119148254 1
0.8324800133705139 1
0.9174227714538574 1
0.8858931660652161 1
0.8530511856079102 1
0.9231730699539185 1
0.8430864214897156 1
0.8177797198295593 1
0.9369513988494873 1
0.8912851810455322 1
0.8251684904098511 1
0.8266152739524841 1
0.8401602506637573 1
0.8552785515785217 1
0.9442575573921204 1
0.8713001012802124 1
0.8398777842521667 1
0.8814586997032166 1
0.9469713568687439 1
0.7796363234519958 1
0.8649347424507141 1
0.9019019603729248 1
0.8191656470298767 1
0.8319096565246582 1
0.8747416138648987 1
0.9240864515304565 1
0.9132468700408936 1
0.8482435941696167 1
0.9332119226455688 1
0.7566983103752136 1
0.8358007669448853 1
0.9694182872772217 1
0.8448994159698486 1
0.9437956213951111 1
0.7921132445335388 1
0.8832240104675293 1
0.8611546158790588 1
0.8886091709136963 1
0.9248201251029968 1
0.6970774531364441 0
0.6151206493377686 0
0.5910770893096924 0
0.6168518662452698 0
0.7651245594024658 0
0.4737713038921356 0
0.6505898833274841 0
0.5966689586639404 0
0.5026111602783203 0
0.6669736504554749 0
0.5590919256210327 0
0.5714576244354248 0
0.6493331789970398 0
0.6429237723350525 0
0.7367060780525208 0
0.952308714389801 1
0.9454807043075562 1
0.9170449376106262 1
0.928240954875946 1
0.9294582605361938 1
0.9315403699874878 1
0.8986784815788269 1
0.8449708819389343 1
0.9528911113739014 1
0.9591472744941711 1
0.9621793031692505 1
0.9207153916358948 1
0.9165673851966858 1
0.9427655339241028 1
0.9187560081481934 1
0.7558157444000244 0
0.7049574851989746 0
0.8972844481468201 0
0.8890441656112671 0
0.7822341918945312 0
0.8571591377258301 0
0.8973005414009094 0
0.794181227684021 0
0.8199000954627991 0
0.8494451642036438 0
0.8569723963737488 0
0.8272309303283691 0
0.8116579055786133 0
0.8425164222717285 0
0.8943132758140564 0
0.8327614665031433 0
0.780622661113739 0
0.8651145696640015 0
0.8868134021759033 0
0.8550777435302734 0
0.8515507578849792 0
0.7916115522384644 0
0.7576778531074524 0
0.8569380044937134 0
0.8607774972915649 0
0.7306312918663025 0
0.7706511616706848 0
0.8631170988082886 0
0.6882786154747009 0
0.694438099861145 0
0.7243511080741882 0
0.4913979470729828 0
0.8076680898666382 0
0.8733550906181335 0
0.7599717974662781 0
0.7635119557380676 0
0.8935312628746033 0
0.8334185481071472 0
0.7008724808692932 0
0.7419394254684448 0
0.7059357166290283 0
0.6626726388931274 0
0.24147257208824158 0
0.26227495074272156 0
0.3358278274536133 0
0.2505570650100708 0
0.2541578710079193 0
0.3147929012775421 0
0.277491956949234 0
0.28744903206825256 0
0.3113478124141693 0
0.4503844380378723 0
0.3287830352783203 0
0.326928973197937 0
0.2446841299533844 0
0.3873651325702667 0
0.27476486563682556 0
0.1818404197692871 0
0.24701884388923645 0
0.24073944985866547 0
0.18719592690467834 0
0.25055113434791565 0
0.17545491456985474 0
0.16758903861045837 0
0.2791134715080261 0
0.20361728966236115 0
0.30577850341796875 0
0.23946407437324524 0
0.2935284972190857 0
0.20058515667915344 0
0.2263895571231842 0
0.6820691823959351 0
0.5427120923995972 0
0.5966066718101501 0
0.5455299615859985 0
0.545575737953186 0
0.5689581632614136 0
0.6012135744094849 0
0.5802850723266602 0
0.6473963856697083 0
0.666286826133728 0
0.6280778646469116 0
0.5980252623558044 0
0.5983299612998962 0
0.6643999218940735 0
0.5809781551361084 0
0.6102406978607178 0
0.5453171730041504 0
0.6803095936775208 0
0.6422324776649475 0
0.5802406072616577 0
0.6747149229049683 0
0.5671055316925049 0
0.6114354729652405 0
0.6485018730163574 0
0.6293361186981201 0
0.6250239014625549 0
0.5939537286758423 0
0.6337930560112 0
0.4652951657772064 0
0.6310164332389832 0
0.6628655791282654 0
0.5541208386421204 0
0.5246408581733704 0
0.6236350536346436 0
0.6823342442512512 0
0.6710010766983032 0
0.5032615065574646 0
0.6204541325569153 0
0.6771003007888794 0
0.708526611328125 0
0.5947255492210388 0
0.6512051820755005 0
0.6577909588813782 0
0.5782325267791748 0
0.6145558953285217 0
0.6945590972900391 0
0.5786228775978088 0
0.6360471844673157 0
0.6609795093536377 0
0.6339242458343506 0
0.5998866558074951 0
0.6859046816825867 0
0.6432397961616516 0
0.5096856951713562 0
0.6833480596542358 0
0.5935476422309875 0
0.6320200562477112 0
0.7939505577087402 0
0.6733033657073975 0
0.6786184906959534 0
0.811322033405304 0
0.8030392527580261 0
0.7671388983726501 0
0.6398273706436157 0
0.7271794080734253 0
0.719264030456543 0
0.6912441849708557 0
0.4655778408050537 0
0.7656093239784241 0
0.6786301136016846 0
0.6124179363250732 0
0.5892183780670166 0
0.6171538829803467 0
0.7728402614593506 0
0.7761151790618896 0
0.7225011587142944 0
0.7404147386550903 0
0.7066484689712524 0
0.6633636951446533 0
0.6538493037223816 0
0.6755251288414001 0
0.7299759984016418 0
0.692122220993042 0
0.7291246652603149 0
0.6711103916168213 0
0.9463328719139099 1
0.8737072944641113 1
0.788968563079834 1
0.9199843406677246 1
0.8863700032234192 1
0.9415145516395569 1
0.9117017984390259 1
0.8395323157310486 1
0.9541005492210388 1
0.9572122693061829 1
0.9596613049507141 1
0.8660727143287659 1
0.8979121446609497 1
0.888360321521759 1
0.895745575428009 1
0.9212630391120911 1
0.9526138305664062 1
0.864159107208252 1
0.9468317627906799 1
0.926608681678772 1
0.9073830246925354 1
0.8605262637138367 1
0.9232409000396729 1
0.9417574405670166 1
0.9480076432228088 1
0.9110146760940552 1
0.9222419261932373 1
0.9622686505317688 1
0.933388352394104 1
0.9541184306144714 1
0.771208643913269 0
0.7214400768280029 0
0.8629848957061768 0
0.7343950867652893 0
0.8014360070228577 0
0.807537853717804 0
0.7730669379234314 0
0.7452948093414307 0
0.7721927165985107 0
0.823672890663147 0
0.8016017079353333 0
0.8490208983421326 0
0.766852855682373 0
0.7884976267814636 0
0.817766010761261 0
0.8108612298965454 0
0.8503717184066772 0
0.8643122911453247 0
0.8392384648323059 0
0.8200287222862244 0
0.7954054474830627 0
0.8135756254196167 0
0.844271719455719 0
0.8249619603157043 0
0.8892492651939392 0
0.7173314094543457 0
0.7747887969017029 0
0.7981298565864563 0
0.8285538554191589 0
0.8541291356086731 0
0.8788144588470459 0
0.828059196472168 0
0.8927952647209167 0
0.7936109900474548 0
0.728325605392456 0
0.7321082353591919 0
0.8082436323165894 0
0.8833219408988953 0
0.8208427429199219 0
0.8025681376457214 0
0.930033266544342 0
0.8227930665016174 0
0.3193095028400421 0
0.24118919670581818 0
0.3339783847332001 0
0.3511413633823395 0
0.2771427631378174 0
0.3748714327812195 0
0.2056676596403122 0
0.2496476173400879 0
0.35740751028060913 0
0.20938096940517426 0
0.36855921149253845 0
0.40098145604133606 0
0.271516352891922 0
0.28525272011756897 0
0.23906856775283813 0
0.23144122958183289 0
0.27355676889419556 0
0.18202732503414154 0
0.19038227200508118 0
0.23250554502010345 0
0.3204977214336395 0
0.21103055775165558 0
0.3021199405193329 0
0.20218779146671295 0
0.2472498118877411 0
0.27461540699005127 0
0.24415458738803864 0
0.2708825170993805 0
0.3143512010574341 0
0.6168882846832275 0
0.5417243242263794 0
0.5814208388328552 0
0.5861137509346008 0
0.6054856777191162 0
0.6029202938079834 0
0.6237188577651978 0
0.5089700222015381 0
0.5692604780197144 0
0.5337182283401489 0
0.5461544394493103 0
0.5384910702705383 0
0.6089574098587036 0
0.6631185412406921 0
0.5451647043228149 0
0.5989410281181335 0
0.5142619609832764 0
0.5925062894821167 0
0.5744143128395081 0
0.5152924656867981 0
0.6000901460647583 0
0.6036986112594604 0
0.6176787614822388 0
0.634812593460083 0
0.6503457427024841 0
0.4591396450996399 0
0.5882021188735962 0
0.6548275947570801 0
0.5607357025146484 0
0.5975983738899231 0
0.6732273697853088 0
0.6645569205284119 0
0.625000536441803 0
0.6718175411224365 0
0.6462880373001099 0
0.6964395642280579 0
0.5171864032745361 0
0.5621727705001831 0
0.5586948990821838 0
0.5507303476333618 0
0.4863317608833313 0
0.5141314268112183 0
0.6604956984519958 0
0.6190118789672852 0
0.5905187726020813 0
0.7562572360038757 0
0.5932396054267883 0
0.7188630104064941 0
0.763237476348877 0
0.7083150744438171 0
0.719655454158783 0
0.7227143049240112 0
0.7052147388458252 0
0.7715613842010498 0
0.7267263531684875 0
0.7130263447761536 0
0.8084078431129456 0
0.6913843154907227 0
0.7047356367111206 0
0.7559739351272583 0
0.7167484760284424 0
0.5818721652030945 0
0.7862299084663391 0
0.6917528510093689 0
0.7334174513816833 0
0.629185676574707 0
0.4413491189479828 0
0.8193598985671997 0
0.6906998157501221 0
0.4835257828235626 0
0.6131247282028198 0
0.5208250880241394 0
0.7091253399848938 0
0.7268487811088562 0
0.7270538210868835 0
0.5820122957229614 0
0.7829978466033936 0
0.6248039603233337 0
0.7507956027984619 0
0.8164510726928711 0
0.6867842674255371 0
0.6570162773132324 0
0.6272113919258118 0
0.7498305439949036 0
0.7616391777992249 0
0.7997390031814575 0
0.7710660696029663 0
0.8629478216171265 0
0.7658398151397705 0
0.718106746673584 0
0.8514888882637024 0
0.8777482509613037 0
0.8220148682594299 0
0.8354381322860718 0
0.8705944418907166 0
0.8947414755821228 0
0.7894935607910156 0
0.8560073375701904 0
0.9143031239509583 0
0.8242335915565491 0
0.8289854526519775 0
0.8589224219322205 0
0.8679231405258179 0
0.8347076177597046 0
0.8715105652809143 0
0.9227238297462463 0
0.7776925563812256 0
0.8231624960899353 0
0.7042382955551147 0
0.8799186944961548 0
0.7753332257270813 0
0.802334725856781 0
0.8606327176094055 0
0.78026282787323 0
0.7202602028846741 0
0.8936728239059448 1
0.8400714993476868 1
0.8426012396812439 1
0.8786487579345703 1
0.9185160398483276 1
0.8550145030021667 1
0.9201802015304565 1
0.7538663744926453 1
0.8858020305633545 1
0.8434563279151917 1
0.9020328521728516 1
0.8457245230674744 1
0.9088040590286255 1
0.8399111032485962 1
0.8439179062843323 1
0.9165632724761963 1
0.906646192073822 1
0.9184155464172363 1
0.7403890490531921 1
0.8009324669837952 1
0.9395315647125244 1
0.8558463454246521 1
0.8941980600357056 1
0.8999440670013428 1
0.907304048538208 1
0.8232929706573486 1
0.7476385235786438 1
0.8932386636734009 1
0.959433376789093 1
0.8809049725532532 1
0.8059213161468506 1
0.7863664031028748 1
0.8818690180778503 1
0.8391204476356506 1
0.8825018405914307 1
0.8493272662162781 1
0.8021095991134644 1
0.8725587129592896 1
0.7355315089225769 1
0.8243318200111389 1
0.8686980605125427 1
0.6228200793266296 1
0.22844472527503967 0
0.32826903462409973 0
0.43069714307785034 0
0.1831505447626114 0
0.18141469359397888 0
0.47589635848999023 0
0.3209973871707916 0
0.19241350889205933 0
0.24520298838615417 0
0.37989047169685364 0
0.1632537543773651 0
0.11094217002391815 0
0.2056664377450943 0
0.3433785140514374 0
0.2733115255832672 0
0.17706499993801117 0
0.15087851881980896 0
0.13961070775985718 0
0.1499633938074112 0
0.15708090364933014 0
0.08470093458890915 0
0.12538601458072662 0
0.15476125478744507 0
0.24348792433738708 0
0.10498764365911484 0
0.24719399213790894 0
0.0891447439789772 0
0.24577653408050537 0
0.10206237435340881 0
0.64155113697052 0
0.613767683506012 0
0.7777767777442932 0
0.6469477415084839 0
0.5107970833778381 0
0.5851942300796509 0
0.6362344026565552 0
0.6875134706497192 0
0.5746432542800903 0
0.5491251349449158 0
0.6863550543785095 0
0.6565893888473511 0
0.6282729506492615 0
0.5454694032669067 0
0.6405870318412781 0
0.6350948810577393 0
0.6314737200737 0
0.721775233745575 0
0.6920510530471802 0
0.6640654802322388 0
0.7108802795410156 0
0.683301568031311 0
0.566428542137146 0
0.5044639110565186 0
0.6984153389930725 0
0.6229323744773865 0
0.6968888640403748 0
0.6837288737297058 0
0.6854307651519775 0
0.7167320847511292 0
0.7169311046600342 0
0.5866119265556335 0
0.5383977890014648 0
0.42069435119628906 0
0.6865361332893372 0
0.5585792064666748 0
0.6574706435203552 0
0.6765076518058777 0
0.6849502921104431 0
0.6785789132118225 0
0.6616582274436951 0
0.662848174571991 0
0.6535078883171082 0
0.559693455696106 0
0.5891506671905518 0
0.5493616461753845 0
0.5354200601577759 0
0.6581592559814453 0
0.7423198223114014 0
0.7172272801399231 0
0.729524552822113 0
0.7799516916275024 0
0.8510831594467163 0
0.6288150548934937 0
0.716702938079834 0
0.7406070232391357 0
0.5996492505073547 0
0.6143109202384949 0
0.5940008163452148 0
0.7657237648963928 0
0.6403409242630005 0
0.5617694854736328 0
0.5682509541511536 0
0.879037618637085 0
0.6733106970787048 0
0.6340685486793518 0
0.7226290702819824 0
0.6342412233352661 0
0.7836002111434937 0
0.6074848175048828 0
0.5787333846092224 0
0.5705316662788391 0
0.6337845921516418 0
0.7033873796463013 0
0.7850728631019592 0
0.656136691570282 0
0.7325974106788635 0
0.5834048986434937 0
0.6468641757965088 0
0.7585307955741882 0
0.6659905910491943 0
0.710034191608429 0
0.5985990166664124 0
0.4988541305065155 0
0.7998049855232239 0
0.8021939396858215 0
0.8341670632362366 0
0.8462533354759216 0
0.6969550251960754 0
0.7899792194366455 0
0.887603759765625 0
0.702706515789032 0
0.8832003474235535 0
0.8664485812187195 0
0.883156955242157 0
0.8476285338401794 0
0.8323027491569519 0
0.8464662432670593 0
0.887249767780304 0
0.8931761980056763 0
0.792833149433136 0
0.8503205180168152 0
0.7401947379112244 0
0.8171810507774353 0
0.8717344999313354 0
0.8060538172721863 0
0.8334656953811646 0
0.9185985922813416 0
0.8343726396560669 0
0.8107085227966309 0
0.7758277654647827 0
0.8102009296417236 0
0.7346230745315552 0
0.7960919141769409 0
0.9194572567939758 1
0.8561506271362305 1
0.7698574662208557 1
0.8996211886405945 1
0.9024905562400818 1
0.8157885074615479 1
0.8848037719726562 1
0.8450489640235901 1
0.8834474682807922 1
0.8555054664611816 1
0.8339849710464478 1
0.8884228467941284 1
0.9052194356918335 1
0.9079706072807312 1
0.8982933163642883 1
0.9262233972549438 1
0.8851293325424194 1
0.9163535237312317 1
0.9273942112922668 1
0.9255583882331848 1
0.8687495589256287 1
0.8744074702262878 1
0.8576352000236511 1
0.8820306062698364 1
0.8290093541145325 1
0.8667576909065247 1
0.9177707433700562 1
0.9202045798301697 1
0.9029852747917175 1
0.8766976594924927 1
1.0 1
0.7788270115852356 1
0.8217504024505615 1
0.905147135257721 1
0.8699110746383667 1
0.854175329208374 1
0.8802695870399475 1
0.800540566444397 1
0.8139659762382507 1
0.8876949548721313 1
0.9284737706184387 1
0.8216376900672913 1
0.9012995362281799 1
0.43499600887298584 0
0.6713732481002808 0
0.3868947923183441 0
0.19033189117908478 0
0.19004572927951813 0
0.5158727765083313 0
0.309396356344223 0
0.232198566198349 0
0.14880990982055664 0
0.3703496754169464 0
0.4305870831012726 0
0.3196403980255127 0
0.28547993302345276 0
0.36794203519821167 0
0.17485812306404114 0
0.18194255232810974 0
0.16919071972370148 0
0.13763384521007538 0
0.10973068326711655 0
0.2309817522764206 0
0.07635325938463211 0
0.18094398081302643 0
0.15128429234027863 0
0.08137529343366623 0
0.16470041871070862 0
0.24881982803344727 0
0.20053307712078094 0
0.15163829922676086 0
0.10646367818117142 0
0.7578704357147217 0
0.5960861444473267 0
0.8104994893074036 0
0.5565395951271057 0
0.5723152756690979 0
0.7024275660514832 0
0.5909121036529541 0
0.5621841549873352 0
0.7544634938240051 0
0.7280147075653076 0
0.5888860821723938 0
0.6955608129501343 0
0.6711385250091553 0
0.6757923364639282 0
0.5412102937698364 0
0.8354945778846741 0
0.6804817318916321 0
0.6280750632286072 0
0.7022739052772522 0
0.7083241939544678 0
0.6654714941978455 0
0.6631367802619934 0
0.55830979347229 0
0.5599894523620605 0
0.569223165512085 0
0.620670735836029 0
0.6582580804824829 0
0.5152312517166138 0
0.6712862849235535 0
0.7526068687438965 0
0.5952585935592651 0
0.6981290578842163 0
0.7790762782096863 0
0.6554688811302185 0
0.5466724634170532 0
0.5357593297958374 0
0.6003255248069763 0
0.7016535997390747 0
0.7690321207046509 0
0.581535279750824 0
0.6972746253013611 0
0.7153315544128418 0
0.7211318016052246 0
0.6275038123130798 0
0.5403245687484741 0
0.713428258895874 0
0.6902641654014587 0
0.7649723291397095 0
0.782807469367981 0
0.7026519775390625 0
0.7826498746871948 0
0.7862734794616699 0
0.6642928123474121 0
0.8871462941169739 0
0.8010044097900391 0
0.653785228729248 0
0.6816838383674622 0
0.6731867790222168 0
0.6565948128700256 0
0.6957687735557556 0
0.7368242740631104 0
0.7079050540924072 0
0.8077014088630676 0
0.633025586605072 0
0.5790174603462219 0
0.7111696600914001 0
0.6334831714630127 0
0.6808230876922607 0
0.5906094312667847 0
0.6140872836112976 0
0.6106320023536682 0
0.7661514282226562 0
0.5984496474266052 0
0.6085880398750305 0
0.7118004560470581 0
0.69261234998703 0
0.5503311157226562 0
0.7762557864189148 0
0.7212501168251038 0
0.644934892654419 0
0.8001326322555542 0
0.37744754552841187 0
0.3776762783527374 0
0.2519233524799347 0
0.30280980467796326 0
0.3043529689311981 0
0.31769388914108276 0
0.3015942871570587 0
0.28660377860069275 0
0.28490152955055237 0
0.2922150492668152 0
0.25060489773750305 0
0.31027281284332275 0
0.3291338384151459 0
0.21382789313793182 0
0.35518136620521545 0
0.27560651302337646 0
0.330739825963974 0
0.34561899304389954 0
0.29178115725517273 0
0.2516152560710907 0
0.3799367845058441 0
0.3310038149356842 0
0.31427639722824097 0
0.21959640085697174 0
0.3269559442996979 0
0.40806081891059875 0
0.4431481957435608 0
0.19678045809268951 0
0.23394960165023804 0
0.2263983190059662 0
0.27128180861473083 0
0.30147936940193176 0
0.35117343068122864 0
0.20547917485237122 0
0.2773990333080292 0
0.20134541392326355 0
0.07937415689229965 0
0.2812293767929077 0
0.24096615612506866 0
0.33456504344940186 0
0.30353039503097534 0
0.24873840808868408 0
0.3604435622692108 0
0.2707548439502716 0
0.10344407707452774 0
0.20660942792892456 0
0.3674297332763672 0
0.22431722283363342 0
0.19260232150554657 0
0.23023733496665955 0
0.36421313881874084 0
0.2730947434902191 0
0.33586177229881287 0
0.3486182987689972 0
0.23192095756530762 0
0.45818892121315 0
0.24715760350227356 0
0.49875229597091675 0
0.25400057435035706 0
0.22772523760795593 0
0.3671422004699707 0
0.2958355247974396 0
0.22637784481048584 0
0.1251748949289322 0
0.3105815052986145 0
0.3716092109680176 0
0.3888677954673767 0
0.2919520139694214 0
0.40890198945999146 0
0.33598223328590393 0
0.41554760932922363 0
0.18427832424640656 0
0.24891601502895355 0
0.17366068065166473 0
0.25453120470046997 0
0.28053760528564453 0
0.8309609889984131 1
0.9159653782844543 1
0.9071829319000244 1
0.9036300182342529 1
0.9439170360565186 1
0.9250298738479614 1
0.723557710647583 1
0.8909853100776672 1
0.9203759431838989 1
0.8399998545646667 1
0.8985036015510559 1
0.9206535220146179 1
0.8050804734230042 1
0.854379415512085 1
0.6369001865386963 1
0.7099412083625793 1
0.7039534449577332 1
0.5871710777282715 1
0.5985648036003113 1
0.6848064661026001 1
0.8022810220718384 1
0.6449465751647949 1
0.6536009311676025 1
0.6913065910339355 1
0.6706921458244324 1
0.7459054589271545 1
0.6709296703338623 1
0.721599280834198 1
0.8027042746543884 1
0.172348290681839 0
0.20402857661247253 0
0.11793097853660583 0
0.12634460628032684 0
0.13752295076847076 0
0.15761590003967285 0
0.18156810104846954 0
0.20705638825893402 0
0.2093305140733719 0
0.18045783042907715 0
0.09908191859722137 0
0.19693808257579803 0
0.10602907836437225 0
0.09065234661102295 0
0.2413303405046463 0
0.14359988272190094 0
0.0953085646033287 0
0.24907878041267395 0
0.12573479115962982 0
0.13896144926548004 0
0.14177118241786957 0
0.1114267036318779 0
0.08058179914951324 0
0.10925379395484924 0
0.08243242651224136 0
0.16386613249778748 0
0.2310522049665451 0
0.07179436087608337 0
0.10899491608142853 0
0.13561874628067017 0
0.26145750284194946 0
0.15359632670879364 0
0.23059305548667908 0
0.24859392642974854 0
0.3486676514148712 0
0.28084859251976013 0
0.18706662952899933 0
0.19885337352752686 0
0.1544266790151596 0
0.16361552476882935 0
0.28884202241897583 0
0.1278226375579834 0
0.16454491019248962 0
0.1690690666437149 0
0.18896639347076416 0
0.2987937927246094 0
0.18347638845443726 0
0.19654855132102966 0
0.10117749869823456 0
0.2903550863265991 0
0.2394615262746811 0
0.25379911065101624 0
0.23954634368419647 0
0.23357230424880981 0
0.2925700545310974 0
0.2884460687637329 0
0.3161616027355194 0
0.33624517917633057 0
0.20658843219280243 0
0.2418767213821411 0
0.24266014993190765 0
0.11962980031967163 0
0.21769142150878906 0
0.17111150920391083 0
0.2028803825378418 0
0.25706854462623596 0
0.23200488090515137 0
0.2504277229309082 0
0.2815568745136261 0
0.30489519238471985 0
0.27826303243637085 0
0.27547478675842285 0
0.19666647911071777 0
0.27289140224456787 0
0.23923423886299133 0
0.13299688696861267 0
0.25365594029426575 0
0.1624123901128769 0
0.19877564907073975 0
0.20029014348983765 0
0.21730178594589233 0
0.25428226590156555 0
0.3047104775905609 0
0.19164486229419708 0
0.22008320689201355 0
0.26377105712890625 0
0.20690275728702545 0
0.20349881052970886 0
0.2422502040863037 0
0.2119804471731186 0
0.23705679178237915 0
0.23937243223190308 0
0.2526584565639496 0
0.22615361213684082 0
0.28461405634880066 0
0.18035675585269928 0
0.18188683688640594 0
0.154052734375 0
0.21974101662635803 0
0.31097933650016785 0
0.27059513330459595 0
0.257686585187912 0
0.10057900846004486 0
0.22847916185855865 0
0.2808849811553955 0
0.2651178538799286 0
0.2749716341495514 0
0.2676537036895752 0
0.28751862049102783 0
0.2651664614677429 0
0.1630403995513916 0
0.23327592015266418 0
0.3046323359012604 0
0.21005527675151825 0
0.09643027186393738 0
0.1260116994380951 0
0.3478299081325531 0
0.26110875606536865 0
0.17703433334827423 0
0.0996871218085289 0
0.23739266395568848 0
0.12915027141571045 0
0.23840980231761932 0
0.2802911698818207 0
0.33310073614120483 0
0.1509057730436325 0
0.12151090055704117 0
0.10436460375785828 0
0.12172611802816391 0
0.16311636567115784 0
0.0946999192237854 0
0.17860841751098633 0
0.17537003755569458 0
0.13642480969429016 0
0.17785310745239258 0
0.14252786338329315 0
0.15364699065685272 0
0.12331632524728775 0
0.2592756152153015 0
0.2305220514535904 0
0.22004301846027374 0
0.20235136151313782 0
0.1301155835390091 0
0.2827884554862976 0
0.07759685814380646 0
0.45308902859687805 0
0.2066100388765335 0
0.1656884253025055 0
0.11107225716114044 0
0.20087498426437378 0
0.18886412680149078 0
0.1209842786192894 0
0.31410980224609375 0
0.057132381945848465 0
0.10261853039264679 0
0.10455159842967987 0
0.633574903011322 1
0.687757134437561 1
0.7560654878616333 1
0.7104010581970215 1
0.8261423110961914 1
0.6457681655883789 1
0.7224375009536743 1
0.738493025302887 1
0.7317562699317932 1
0.6060473322868347 1
0.766419529914856 1
0.6892166137695312 1
0.7458319067955017 1
0.6968240737915039 1
0.576924741268158 1
0.8794726133346558 1
0.9147138595581055 1
0.9213131666183472 1
0.8937713503837585 1
0.9086920619010925 1
0.9532345533370972 1
0.9075578451156616 1
0.9472788572311401 1
0.8886661529541016 1
0.8786916136741638 1
0.8994680643081665 1
0.8395666480064392 1
0.9474016427993774 1
0.9446370005607605 1
0.09404122084379196 0
