0.9083545207977295 1
0.9352083802223206 1
0.9123139381408691 1
0.896677553653717 1
0.7912466526031494 1
0.6889815926551819 1
0.9212875366210938 1
0.9063257575035095 1
0.9351037740707397 1
0.9161944389343262 1
0.817262589931488 1
0.9319987297058105 1
0.9570461511611938 1
0.8673496246337891 1
0.8805630207061768 1
0.8164355754852295 1
0.8904407024383545 1
0.9437419176101685 1
0.8904126286506653 1
0.8961158394813538 1
0.8205711245536804 1
0.8891106247901917 1
0.8970821499824524 1
0.9169942140579224 1
0.9272183179855347 1
0.9345478415489197 1
0.9419522881507874 1
0.8825342059135437 1
0.8804298639297485 1
0.8740519285202026 1
0.9248958826065063 1
0.8889268636703491 1
0.9033366441726685 1
0.956533670425415 1
0.8489832878112793 1
0.8713912963867188 1
0.931915283203125 1
0.9429759383201599 1
0.8562744855880737 1
0.8544169068336487 1
0.8640332818031311 1
0.9040002226829529 1
0.38004228472709656 0
0.45047393441200256 0
0.49143746495246887 0
0.3990997076034546 0
0.377864271402359 0
0.5048011541366577 0
0.4145151674747467 0
0.5215288996696472 0
0.4702913761138916 0
0.3536495268344879 0
0.49092018604278564 0
0.46813341975212097 0
0.6022815108299255 0
0.5505655407905579 0
0.44367802143096924 0
0.38144978880882263 0
0.42714282870292664 0
0.5035259127616882 0
0.5275872349739075 0
0.40679827332496643 0
0.4946674108505249 0
0.5567389130592346 0
0.45390912890434265 0
0.3944891393184662 0
0.5059396624565125 0
0.4357605278491974 0
0.3858034610748291 0
0.32563215494155884 0
0.390635222196579 0
0.5461985468864441 0
0.3763720691204071 0
0.5540102124214172 0
0.47358983755111694 0
0.4725034236907959 0
0.3316570222377777 0
0.5682054162025452 0
0.5450109243392944 0
0.40854865312576294 0
0.5060427784919739 0
0.34321698546409607 0
0.40643590688705444 0
0.3817935287952423 0
0.4663122594356537 0
0.416970819234848 0
0.56405109167099 0
0.551874041557312 0
0.6057795882225037 0
0.5998018980026245 0
0.575221061706543 0
0.5428853631019592 0
0.5948570966720581 0
0.5743154287338257 0
0.5300792455673218 0
0.4782705008983612 0
0.4579208791255951 0
0.6201766729354858 0
0.5414959788322449 0
0.5330104827880859 0
0.6290162205696106 0
0.5564517974853516 0
0.5084215998649597 0
0.47470149397850037 0
0.4999430775642395 0
0.5524541735649109 0
0.5931775569915771 0
0.44355714321136475 0
0.5434001088142395 0
0.4567713737487793 0
0.5535256862640381 0
0.5082941651344299 0
0.3972872495651245 0
0.4818283021450043 0
0.5291526913642883 0
0.5704891681671143 0
0.63226717710495 0
0.7061988115310669 0
0.5377454161643982 0
0.6302602887153625 0
0.5535520911216736 0
0.5833693146705627 0
0.6772531867027283 0
0.57197105884552 0
0.6802395582199097 0
0.7234707474708557 0
0.527668297290802 0
0.49420130252838135 0
0.6478568315505981 0
0.6442118287086487 0
0.5885995030403137 0
0.7193775773048401 0
0.7098641991615295 0
0.6812073588371277 0
0.7428886294364929 0
0.594180166721344 0
0.469826340675354 0
0.7501934766769409 0
0.6546091437339783 0
0.5036327242851257 0
0.6512932777404785 0
0.6853756308555603 0
0.5651001334190369 0
0.5709941387176514 0
0.5682066082954407 0
0.7189282774925232 0
0.5319067239761353 0
0.6871137619018555 0
0.6453205347061157 0
0.509733259677887 0
0.500699520111084 0
0.5634326338768005 0
0.6921781301498413 0
0.5658029317855835 0
0.6232312917709351 0
0.6320918798446655 0
0.10825099050998688 0
0.20116876065731049 0
0.10259071737527847 0
0.11647631227970123 0
0.02892225980758667 0
0.07302559167146683 0
0.012086260132491589 0
0.08355502039194107 0
0.08662921190261841 0
0.0016603384865447879 0
0.13754640519618988 0
0.1363808661699295 0
0.12319958955049515 0
0.13630136847496033 0
0.10577227175235748 0
-0.04755221679806709 0
-0.007130853366106749 0
0.114504873752594 0
0.04465397819876671 0
0.06141848862171173 0
0.008748230524361134 0
0.029300790280103683 0
0.029065508395433426 0
0.05669473856687546 0
0.10663411021232605 0
-0.04954942688345909 0
0.01243828795850277 0
-0.04238893836736679 0
-0.03179638460278511 0
0.9394497871398926 1
0.9460467100143433 1
0.7395945191383362 1
0.9127610325813293 1
0.9397989511489868 1
0.8722779750823975 1
0.8899098634719849 1
0.7267025113105774 1
0.818363606929779 1
0.8798259496688843 1
0.7557150721549988 1
0.9129238724708557 1
0.9341694116592407 1
0.8957387208938599 1
0.8907809853553772 1
0.9049287438392639 1
0.8595907688140869 1
0.857619047164917 1
0.8418154120445251 1
0.7505908012390137 1
0.8875832557678223 1
0.9147008657455444 1
0.9024701714515686 1
0.89414381980896 1
0.8994367122650146 1
0.8880926966667175 1
0.8725866079330444 1
0.9009929299354553 1
0.7603544592857361 1
0.905471682548523 1
0.774800181388855 1
0.8009528517723083 1
0.8990707993507385 1
0.9252174496650696 1
0.8852214813232422 1
0.9322056770324707 1
0.9114627838134766 1
0.9102054238319397 1
0.8977957963943481 1
0.9609037041664124 1
0.8818512558937073 1
0.8237656950950623 1
0.852865993976593 1
0.5323586463928223 0
0.35516664385795593 0
0.5692680478096008 0
0.5827405452728271 0
0.3837871551513672 0
0.5201767086982727 0
0.29124438762664795 0
0.4024965763092041 0
0.5034859776496887 0
0.5259318947792053 0
0.4298515021800995 0
0.5529458522796631 0
0.4781322479248047 0
0.5134732723236084 0
0.4374255836009979 0
0.4969361126422882 0
0.4433341920375824 0
0.45729249715805054 0
0.3616260290145874 0
0.4563855230808258 0
0.5271132588386536 0
0.4943437874317169 0
0.45899879932403564 0
0.27130764722824097 0
0.4358580410480499 0
0.35915449261665344 0
0.41308069229125977 0
0.42812660336494446 0
0.3633585572242737 0
0.47527459263801575 0
0.4747404456138611 0
0.42030069231987 0
0.47302696108818054 0
0.49199631810188293 0
0.40800467133522034 0
0.6036320924758911 0
0.563660204410553 0
0.400801420211792 0
0.5340597629547119 0
0.4728170931339264 0
0.3591209053993225 0
0.5648032426834106 0
0.5192670226097107 0
0.5998901128768921 0
0.5503107309341431 0
0.47132325172424316 0
0.48530834913253784 0
0.5595802068710327 0
0.5219189524650574 0
0.45187175273895264 0
0.4749637842178345 0
0.4726497232913971 0
0.4854830205440521 0
0.5714067816734314 0
0.4163835048675537 0
0.48810097575187683 0
0.4438512325286865 0
0.45139896869659424 0
0.5284306406974792 0
0.4873938262462616 0
0.44492200016975403 0
0.534096360206604 0
0.5308955311775208 0
0.5067241191864014 0
0.5125876069068909 0
0.473789244890213 0
0.4707394242286682 0
0.4840552806854248 0
0.5688192844390869 0
0.48332855105400085 0
0.5045051574707031 0
0.31791186332702637 0
0.6170583963394165 0
0.5491971373558044 0
0.46433302760124207 0
0.7422907948493958 0
0.6685588359832764 0
0.6601558327674866 0
0.5627327561378479 0
0.6415314078330994 0
0.6135452389717102 0
0.7335019707679749 0
0.6087098717689514 0
0.4686275124549866 0
0.7093183398246765 0
0.6631594896316528 0
0.5347037315368652 0
0.7263170480728149 0
0.5664398670196533 0
0.5916025638580322 0
0.5346119403839111 0
0.6313413977622986 0
0.6431224346160889 0
0.6551303267478943 0
0.6806308627128601 0
0.7342923283576965 0
0.48491519689559937 0
0.4202268123626709 0
0.47509175539016724 0
0.6892969012260437 0
0.6081690788269043 0
0.6769487261772156 0
0.703927755355835 0
0.5676313042640686 0
0.7103337049484253 0
0.639315128326416 0
0.5060749650001526 0
0.6685814261436462 0
0.6482729315757751 0
0.4876738488674164 0
0.41674667596817017 0
0.6399505138397217 0
0.6592223644256592 0
0.7435771822929382 0
0.04908202588558197 0
0.07524945586919785 0
0.04315880313515663 0
-0.01981857791543007 0
0.04079340398311615 0
0.07632118463516235 0
0.15919990837574005 0
0.2089514434337616 0
0.16669228672981262 0
0.06842377781867981 0
0.09433716535568237 0
0.13291317224502563 0
0.036665305495262146 0
0.13250726461410522 0
0.1492772400379181 0
-0.006791866384446621 0
-0.04970407113432884 0
-3.7386831536423415e-05 0
-0.12496314197778702 0
-0.05572987720370293 0
0.044656503945589066 0
-0.04987969994544983 0
-0.11373651027679443 0
-0.01304943859577179 0
-0.08697129786014557 0
-0.10815746337175369 0
-0.015168108977377415 0
-0.07277513295412064 0
-0.11693345010280609 0
0.8803527355194092 1
0.9171316027641296 1
0.9186254143714905 1
0.8721179366111755 1
0.8021331429481506 1
0.8640182614326477 1
0.9131327271461487 1
0.9293187856674194 1
0.866340160369873 1
0.9067456126213074 1
0.8720124363899231 1
0.8419040441513062 1
0.8966043591499329 1
0.9471007585525513 1
0.863170325756073 1
0.879119336605072 1
0.8828086853027344 1
0.9166845679283142 1
0.8669336438179016 1
0.8757391571998596 1
0.9189287424087524 1
0.9452061057090759 1
0.9102871417999268 1
0.8417313098907471 1
0.8633764386177063 1
0.8708475232124329 1
0.871089518070221 1
0.9407206177711487 1
0.9667205214500427 1
0.8964934349060059 1
0.9039923548698425 1
0.8527618646621704 1
0.8344072103500366 1
0.8148931264877319 1
0.9270027875900269 1
0.8642024397850037 1
0.8610283732414246 1
0.8855459690093994 1
0.9241870641708374 1
0.8871078491210938 1
0.8957962989807129 1
0.8590278625488281 1
0.3752176761627197 0
0.4798561930656433 0
0.36102020740509033 0
0.3734239339828491 0
0.5335229635238647 0
0.5085322260856628 0
0.3346884548664093 0
0.5254219770431519 0
0.46445515751838684 0
0.5061491131782532 0
0.9223024249076843 1
0.9019825458526611 1
0.8763132095336914 1
0.7937250733375549 1
0.9261525273323059 1
0.7719247341156006 1
0.9200620055198669 1
0.9232191443443298 1
0.8086369633674622 1
0.850250244140625 1
0.9643662571907043 1
0.9240227937698364 1
0.9346677660942078 1
0.9266973733901978 1
0.8834927082061768 1
0.840326726436615 1
0.7640110850334167 1
0.9304093718528748 1
0.8551052808761597 1
0.8881132006645203 1
0.8457362651824951 1
0.9399027228355408 1
0.9332960247993469 1
0.7982023358345032 1
0.8118651509284973 1
0.8785338401794434 1
0.823988139629364 1
0.9307834506034851 1
0.8760830163955688 1
0.9180143475532532 1
0.8751123547554016 1
0.8067598938941956 1
0.7559988498687744 0
0.7501099705696106 0
0.7716497778892517 0
0.8147059082984924 0
0.7301257252693176 0
0.7697166800498962 0
0.6883900761604309 0
0.72286057472229 0
0.7350992560386658 0
0.7487663626670837 0
0.6958652138710022 0
0.7292570471763611 0
0.655692994594574 0
0.6606978178024292 0
0.7294923663139343 0
0.7962489724159241 0
0.7237793207168579 0
0.6827638149261475 0
0.6837689280509949 0
0.690898060798645 0
0.7157591581344604 0
0.6910663843154907 0
0.7905570268630981 0
0.6524840593338013 0
0.7631636261940002 0
0.7234200835227966 0
0.7867975234985352 0
0.6768865585327148 0
0.7405054569244385 0
0.7404419779777527 0
0.7887514233589172 0
0.826479434967041 0
0.8321097493171692 0
0.6820199489593506 0
0.8024228811264038 0
0.7936614751815796 0
0.792288601398468 0
0.7279505133628845 0
0.8337939977645874 0
0.8764302730560303 0
0.842519223690033 0
0.8273659348487854 0
0.644044816493988 0
0.7415237426757812 0
0.6870993971824646 0
0.791206955909729 0
0.7754345536231995 0
0.7635763883590698 0
0.7831693291664124 0
0.7871769666671753 0
0.8372364640235901 0
0.7998263239860535 0
0.7373288869857788 0
0.7385690808296204 0
0.7902295589447021 0
0.8189088106155396 0
0.82850581407547 0
0.8022340536117554 0
0.8130094408988953 0
0.6380190849304199 0
0.7495711445808411 0
0.8307479023933411 0
0.6840651631355286 0
0.7368245124816895 0
0.7785984873771667 0
0.5823509097099304 0
0.798770010471344 0
0.7940117716789246 0
0.8455786108970642 0
0.8201366662979126 0
0.8214780688285828 0
0.7734963893890381 0
0.7612829804420471 0
0.43639692664146423 0
0.48132166266441345 0
0.26407334208488464 0
0.36734867095947266 0
0.5280693769454956 0
0.5035322904586792 0
0.3654724359512329 0
0.5082421898841858 0
0.43360233306884766 0
0.4373098313808441 0
0.5335256457328796 0
0.26082712411880493 0
0.41263341903686523 0
0.2019294798374176 0
0.03696262091398239 0
0.17741087079048157 0
0.12722539901733398 0
0.23802220821380615 0
0.26796987652778625 0
0.25912949442863464 0
0.24420233070850372 0
0.12540990114212036 0
0.22294127941131592 0
0.24170750379562378 0
0.1557123214006424 0
0.15987269580364227 0
0.09226316213607788 0
0.19077716767787933 0
0.1694265753030777 0
0.47336748242378235 0
0.4987172484397888 0
0.4193880558013916 0
0.44867777824401855 0
0.3822638988494873 0
0.5016446113586426 0
0.5145030617713928 0
0.4882698357105255 0
0.4762791693210602 0
0.39160141348838806 0
0.45067352056503296 0
0.40199902653694153 0
0.3541277050971985 0
0.4108099937438965 0
0.4437963664531708 0
0.39615216851234436 0
0.4761180877685547 0
0.48453059792518616 0
0.5277167558670044 0
0.36169806122779846 0
0.4736538529396057 0
0.44670557975769043 0
0.4874591827392578 0
0.4527433216571808 0
0.3779812753200531 0
0.4472072720527649 0
0.5492591857910156 0
0.4796791672706604 0
0.4995405375957489 0
0.3534501791000366 0
0.4120747447013855 0
0.4986647963523865 0
0.4778067469596863 0
0.46685081720352173 0
0.3998265564441681 0
0.4088958203792572 0
0.4720282554626465 0
0.48163118958473206 0
0.6110323071479797 0
0.40030762553215027 0
0.49091634154319763 0
0.42342671751976013 0
0.8656765222549438 1
0.8775959014892578 1
0.7960608601570129 1
0.8845497965812683 1
0.9284986257553101 1
0.8895379900932312 1
0.9177603125572205 1
0.9293211698532104 1
0.9114822745323181 1
0.8404765725135803 1
0.8960439562797546 1
0.8469264507293701 1
0.8738066554069519 1
0.8925140500068665 1
0.8088251352310181 1
0.8380101919174194 1
0.8224489092826843 1
0.9293019771575928 1
0.7305935621261597 1
0.9230459928512573 1
0.9181855320930481 1
0.8872120976448059 1
0.8370544910430908 1
0.9153556823730469 1
0.7585170865058899 1
0.835621178150177 1
0.7525410652160645 1
0.9341945648193359 1
0.8501417636871338 1
0.879731297492981 1
0.8549200296401978 1
0.9193547964096069 1
0.9059972167015076 1
0.8617032170295715 1
0.8722416758537292 1
0.9017747640609741 1
0.8277817964553833 1
0.8189545273780823 1
0.8704338669776917 1
0.8837864995002747 1
0.8270187377929688 1
0.7953513264656067 1
0.7702653408050537 0
0.6452915668487549 0
0.6768908500671387 0
0.8025307059288025 0
0.7456510066986084 0
0.8205660581588745 0
0.6431306600570679 0
0.7724242806434631 0
0.7165147066116333 0
0.8000845909118652 0
0.7701014876365662 0
0.7072660326957703 0
0.7371886372566223 0
0.7681593894958496 0
0.798793613910675 0
0.8013259172439575 0
0.7760865688323975 0
0.7595459818840027 0
0.7762523889541626 0
0.6709253191947937 0
0.759210467338562 0
0.7053130865097046 0
0.742439329624176 0
0.7371661067008972 0
0.7708785533905029 0
0.7259765863418579 0
0.7692004442214966 0
0.6819115281105042 0
0.7229387760162354 0
0.6469016671180725 0
0.8742700219154358 0
0.7603000998497009 0
0.8289378881454468 0
0.7582364082336426 0
0.7866169214248657 0
0.7431939840316772 0
0.789065957069397 0
0.7101891040802002 0
0.7795430421829224 0
0.7343832850456238 0
0.795920729637146 0
0.812358021736145 0
0.7527958154678345 0
0.6812657117843628 0
0.6677581071853638 0
0.759240984916687 0
0.7472791075706482 0
0.8123276829719543 0
0.7817366123199463 0
0.7776672840118408 0
0.819510281085968 0
0.5697164535522461 0
0.8308535218238831 0
0.7385417819023132 0
0.7564262747764587 0
0.8382237553596497 0
0.7411524057388306 0
0.8375133275985718 0
0.6597681045532227 0
0.7187021374702454 0
0.8561810255050659 0
0.7183785438537598 0
0.7114509344100952 0
0.6153316497802734 0
0.7173452973365784 0
0.8242177367210388 0
0.7007420063018799 0
0.772710919380188 0
0.8069033026695251 0
0.7506971955299377 0
0.7482141852378845 0
0.6538846492767334 0
0.7937281727790833 0
0.2694545090198517 0
0.3045859932899475 0
0.45067423582077026 0
0.3542620837688446 0
0.460107684135437 0
0.3899356722831726 0
0.35083356499671936 0
0.3938772976398468 0
0.4700767397880554 0
0.6474193930625916 0
0.3902485966682434 0
0.5974516868591309 0
0.2618566155433655 0
0.478331595659256 0
0.13728874921798706 0
0.43823888897895813 0
0.29033219814300537 0
0.3103462755680084 0
0.2676332890987396 0
0.14652186632156372 0
0.3346179723739624 0
0.3247353732585907 0
0.14716602861881256 0
0.33079102635383606 0
0.3291512727737427 0
0.4983811378479004 0
0.2683480679988861 0
0.2927442193031311 0
0.19471849501132965 0
0.5085976123809814 0
0.3825671970844269 0
0.43144333362579346 0
0.44933244585990906 0
0.3152056336402893 0
0.36189576983451843 0
0.45271724462509155 0
0.49178776144981384 0
0.4952959716320038 0
0.5223137140274048 0
0.48563671112060547 0
0.28365111351013184 0
0.4322120249271393 0
0.5063843727111816 0
0.34456542134284973 0
0.5140100121498108 0
0.5336949229240417 0
0.4664418697357178 0
0.5522633194923401 0
0.3756699562072754 0
0.5150644183158875 0
0.556399941444397 0
0.5730513334274292 0
0.4177974760532379 0
0.5208780169487 0
0.4402039647102356 0
0.5349470973014832 0
0.410142719745636 0
0.4702921509742737 0
0.4934176504611969 0
0.3400629162788391 0
0.45755383372306824 0
0.5121998190879822 0
0.3896288573741913 0
0.283728688955307 0
0.44580864906311035 0
0.48817262053489685 0
0.5325626134872437 0
0.5419667363166809 0
0.5426713824272156 0
0.390345960855484 0
0.37928318977355957 0
0.9117836356163025 1
0.9010417461395264 1
0.8430252075195312 1
0.8619441986083984 1
0.8355985283851624 1
0.9301296472549438 1
0.8163136839866638 1
0.8992260694503784 1
0.9345769882202148 1
0.9152407646179199 1
0.8529337048530579 1
0.9095707535743713 1
0.8805950284004211 1
0.8526943325996399 1
0.918189525604248 1
0.8610517978668213 1
0.7927020192146301 1
0.9434993863105774 1
0.887010395526886 1
0.8647381067276001 1
0.8541014194488525 1
0.8721936941146851 1
0.6785315275192261 1
0.9125569462776184 1
0.916414201259613 1
0.8512476682662964 1
0.724056601524353 1
0.7964091300964355 1
0.9338609576225281 1
0.9420256018638611 1
0.8610984683036804 1
0.923923671245575 1
0.7608269453048706 1
0.896007776260376 1
0.9261038899421692 1
0.8445262908935547 1
0.9481589794158936 1
0.852913498878479 1
0.8151436448097229 1
0.8609625697135925 1
0.8768659234046936 1
0.7905147671699524 1
0.667464017868042 0
0.6218438148498535 0
0.6575847864151001 0
0.6991823315620422 0
0.6813916563987732 0
0.6219465732574463 0
0.6840983629226685 0
0.6502450704574585 0
0.6363869309425354 0
0.5699228644371033 0
0.6300668120384216 0
0.7656312584877014 0
0.7743656039237976 0
0.8069050908088684 0
0.693027138710022 0
0.966751217842102 1
0.9377908110618591 1
0.9428326487541199 1
0.939977765083313 1
0.9363927245140076 1
0.9059853553771973 1
0.9281284809112549 1
0.8420442342758179 1
0.956549882888794 1
0.9524467587471008 1
0.9252788424491882 1
0.9344466328620911 1
0.9142403602600098 1
0.9306859970092773 1
0.9552410244941711 1
0.8421369194984436 0
0.7361167073249817 0
0.842299222946167 0
0.8811712265014648 0
0.8126893043518066 0
0.8749277591705322 0
0.8878942728042603 0
0.7868916988372803 0
0.8062267899513245 0
0.8448955416679382 0
0.8257367014884949 0
0.8248438239097595 0
0.8368207812309265 0
0.8189349174499512 0
0.8687077760696411 0
0.8956058025360107 0
0.7764023542404175 0
0.8092617988586426 0
0.8898312449455261 0
0.7636604309082031 0
0.7855145931243896 0
0.785289466381073 0
0.6957703232765198 0
0.7483356595039368 0
0.826349675655365 0
0.7291163206100464 0
0.8006870746612549 0
0.8532102108001709 0
0.6988552212715149 0
0.6919746994972229 0
0.7837164998054504 0
0.5833746194839478 0
0.7914425730705261 0
0.8921588063240051 0
0.7168365120887756 0
0.7684067487716675 0
0.88102787733078 0
0.8056744933128357 0
0.6072034239768982 0
0.8226755261421204 0
0.7172653079032898 0
0.8247098326683044 0
0.22632886469364166 0
0.18918482959270477 0
0.29136770963668823 0
0.2852979302406311 0
0.3306274712085724 0
0.44025614857673645 0
0.3117786645889282 0
0.2787742018699646 0
0.22682563960552216 0
0.5068688988685608 0
0.38013142347335815 0
0.351041316986084 0
0.2241017073392868 0
0.34645184874534607 0
0.26336869597435 0
0.04537651315331459 0
0.23485367000102997 0
0.29097452759742737 0
0.12697958946228027 0
0.2973841726779938 0
0.1716657429933548 0
0.14225028455257416 0
0.11881817132234573 0
0.25508061051368713 0
0.3349127173423767 0
0.21019642055034637 0
0.2814510464668274 0
0.2720390260219574 0
0.1658460795879364 0
0.6633725166320801 0
0.4346694052219391 0
0.5353542566299438 0
0.4235682189464569 0
0.48962318897247314 0
0.42271560430526733 0
0.3057631552219391 0
0.5368046760559082 0
0.5957002639770508 0
0.5472153425216675 0
0.5833730101585388 0
0.5911469459533691 0
0.5256763100624084 0
0.5945184230804443 0
0.41764912009239197 0
0.4938911199569702 0
0.4987216889858246 0
0.5981911420822144 0
0.5589948296546936 0
0.5059929490089417 0
0.5048083662986755 0
0.509617805480957 0
0.43057793378829956 0
0.6290298700332642 0
0.6217754483222961 0
0.5697753429412842 0
0.47912028431892395 0
0.5150145292282104 0
0.45467686653137207 0
0.5121037364006042 0
0.5525514483451843 0
0.4972253143787384 0
0.3928588330745697 0
0.5071246027946472 0
0.5161280632019043 0
0.5314556956291199 0
0.37157902121543884 0
0.5020672678947449 0
0.5807770490646362 0
0.5818970799446106 0
0.5712023377418518 0
0.4683806598186493 0
0.6476913690567017 0
0.6987029910087585 0
0.7403096556663513 0
0.8008300065994263 0
0.7186196446418762 0
0.756805956363678 0
0.7117982506752014 0
0.7601633667945862 0
0.7247031331062317 0
0.7895158529281616 0
0.5848599076271057 0
0.6929046511650085 0
0.6769485473632812 0
0.6939353346824646 0
0.707180380821228 0
0.7123977541923523 0
0.7889797687530518 0
0.7506119608879089 0
0.6856231689453125 0
0.7415565848350525 0
0.7285934090614319 0
0.7443074584007263 0
0.5831232070922852 0
0.7900568842887878 0
0.7003917694091797 0
0.6038362979888916 0
0.681104302406311 0
0.7557701468467712 0
0.5839645862579346 0
0.7237499952316284 0
0.7731090784072876 0
0.7702922821044922 0
0.7882290482521057 0
0.7763039469718933 0
0.7837802767753601 0
0.7641404271125793 0
0.7346194386482239 0
0.7304654121398926 0
0.7308970093727112 0
0.5741768479347229 0
0.6559710502624512 0
0.7285344004631042 0
0.7885313034057617 0
0.8712744116783142 1
0.7209768295288086 1
0.8866059184074402 1
0.932096004486084 1
0.8948826193809509 1
0.9340611100196838 1
0.8764083385467529 1
0.7685813903808594 1
0.9682042002677917 1
0.9615691304206848 1
0.9388784766197205 1
0.8800358176231384 1
0.9023296236991882 1
0.9226600527763367 1
0.9377709031105042 1
0.9331778287887573 1
0.928707480430603 1
0.9532099962234497 1
0.9296507239341736 1
0.9485512971878052 1
0.9273917078971863 1
0.8194788694381714 1
0.91803377866745 1
0.9448550939559937 1
0.9202823042869568 1
0.9350568652153015 1
0.8643998503684998 1
0.9203494787216187 1
0.9117079377174377 1
0.9609799981117249 1
0.8942655324935913 0
0.7623409628868103 0
0.8298243880271912 0
0.807838499546051 0
0.8293919563293457 0
0.838063657283783 0
0.8371352553367615 0
0.7755589485168457 0
0.8031818270683289 0
0.8251559138298035 0
0.8089185357093811 0
0.8249735236167908 0
0.684954047203064 0
0.8405861854553223 0
0.8130577802658081 0
0.8089454770088196 0
0.8852083086967468 0
0.8229556083679199 0
0.8582467436790466 0
0.8060010671615601 0
0.8353267908096313 0
0.7925196886062622 0
0.8309292793273926 0
0.7671653032302856 0
0.8737168312072754 0
0.7456900477409363 0
0.7789809107780457 0
0.8030526638031006 0
0.8094043731689453 0
0.8416526317596436 0
0.8964740037918091 0
0.8689839243888855 0
0.8831771612167358 0
0.7275001406669617 0
0.7204506397247314 0
0.7460368871688843 0
0.8461427688598633 0
0.8735886216163635 0
0.7537053823471069 0
0.8123826384544373 0
0.9055503606796265 0
0.7657530307769775 0
0.2895868122577667 0
0.2698398232460022 0
0.2973668575286865 0
0.46921849250793457 0
0.40837591886520386 0
0.3122599124908447 0
0.2966352701187134 0
0.3454079031944275 0
0.28531962633132935 0
0.28485557436943054 0
0.429350346326828 0
0.4375733733177185 0
0.35296109318733215 0
0.27010324597358704 0
0.27345260977745056 0
0.12109565734863281 0
0.18803180754184723 0
0.29399898648262024 0
0.3233183026313782 0
0.3648081421852112 0
0.31708312034606934 0
0.27910852432250977 0
0.2601544260978699 0
0.09424065798521042 0
0.281266987323761 0
0.14727383852005005 0
0.2648388743400574 0
0.2683252692222595 0
0.22518248856067657 0
0.47087374329566956 0
0.4471242427825928 0
0.527914822101593 0
0.5162025094032288 0
0.4960048496723175 0
0.5458462834358215 0
0.5966880917549133 0
0.3518645763397217 0
0.4222736358642578 0
0.5075423717498779 0
0.4885323643684387 0
0.5134402513504028 0
0.45895689725875854 0
0.5405843257904053 0
0.5042747855186462 0
0.5221876502037048 0
0.4400574862957001 0
0.49283844232559204 0
0.5081087946891785 0
0.3538188934326172 0
0.5393006801605225 0
0.5804353356361389 0
0.4568882882595062 0
0.5474437475204468 0
0.49326902627944946 0
0.4259364902973175 0
0.4724588692188263 0
0.6335789561271667 0
0.39583948254585266 0
0.5585793256759644 0
0.473621666431427 0
0.6424894332885742 0
0.653782308101654 0
0.6867374181747437 0
0.5456888675689697 0
0.589532732963562 0
0.6165928244590759 0
0.549731969833374 0
0.643757164478302 0
0.5942537188529968 0
0.5561485290527344 0
0.5951314568519592 0
0.6211008429527283 0
0.826032280921936 0
0.7794944643974304 0
0.795680046081543 0
0.7651023864746094 0
0.7662186026573181 0
0.8132712244987488 0
0.73179030418396 0
0.8232861161231995 0
0.825389564037323 0
0.775709331035614 0
0.8478824496269226 0
0.806783139705658 0
0.8004828095436096 0
0.7679940462112427 0
0.7108659744262695 0
0.7999196648597717 0
0.8181508779525757 0
0.7611404061317444 0
0.7228864431381226 0
0.7676267027854919 0
0.6831655502319336 0
0.6824584007263184 0
0.8201268315315247 0
0.5669498443603516 0
0.844860851764679 0
0.7571726441383362 0
0.6391870379447937 0
0.7469080686569214 0
0.7172742486000061 0
0.8064600229263306 0
0.8070310950279236 0
0.759901225566864 0
0.720417857170105 0
0.8603459000587463 0
0.7835070490837097 0
0.7635332345962524 0
0.8819883465766907 0
0.8447006940841675 0
0.7697648406028748 0
0.793215811252594 0
0.7956777811050415 0
0.7938528656959534 0
0.7243232131004333 0
0.8516025543212891 0
0.8477538824081421 0
0.7201963067054749 0
0.6772092580795288 0
0.8954804539680481 0
0.8940154910087585 0
0.7675451040267944 0
0.8186386823654175 0
0.8254503607749939 0
0.8831929564476013 0
0.8077045679092407 0
0.815388023853302 0
0.8715245127677917 0
0.7507079839706421 0
0.8529261946678162 0
0.7854394912719727 0
0.8779807686805725 0
0.8380149602890015 0
0.8610579371452332 0
0.9031398892402649 0
0.7892047166824341 0
0.8081772923469543 0
0.6477105617523193 0
0.8995296359062195 0
0.8636951446533203 0
0.8577579259872437 0
0.8277045488357544 0
0.8276076912879944 0
0.6865817308425903 0
0.9285898804664612 1
0.9187086224555969 1
0.8932440280914307 1
0.8732646107673645 1
0.9496183395385742 1
0.8800280094146729 1
0.912696123123169 1
0.6653598546981812 1
0.8510136008262634 1
0.8706565499305725 1
0.8806256651878357 1
0.8450260162353516 1
0.9169903993606567 1
0.8952832221984863 1
0.8426405191421509 1
0.9451924562454224 1
0.8851683735847473 1
0.9353974461555481 1
0.874803364276886 1
0.8501365780830383 1
0.886459231376648 1
0.8687030673027039 1
0.883154034614563 1
0.8975762128829956 1
0.8925718665122986 1
0.8761895298957825 1
0.8418891429901123 1
0.9476460814476013 1
0.9358392357826233 1
0.8577063083648682 1
0.8150718212127686 1
0.7220219373703003 1
0.8269543051719666 1
0.8401305079460144 1
0.8770778775215149 1
0.8616427183151245 1
0.8632746934890747 1
0.8566389679908752 1
0.7543666362762451 1
0.9116120338439941 1
0.8952201008796692 1
0.7496983408927917 1
0.18581290543079376 0
0.25591525435447693 0
0.37690991163253784 0
0.3756309449672699 0
0.2537933588027954 0
0.534296989440918 0
0.3317370116710663 0
0.2704930007457733 0
0.2712920010089874 0
0.5734630227088928 0
0.30528727173805237 0
0.13450418412685394 0
0.2846163809299469 0
0.4598594903945923 0
0.4520214796066284 0
0.23097588121891022 0
0.21031197905540466 0
0.21832793951034546 0
0.09977512061595917 0
0.20536169409751892 0
0.11098476499319077 0
0.23774369060993195 0
0.1793343722820282 0
0.31396418809890747 0
0.26161614060401917 0
0.25309744477272034 0
0.17691251635551453 0
0.23996709287166595 0
0.17458896338939667 0
0.7468978762626648 0
0.5533756017684937 0
0.7555261254310608 0
0.5965428948402405 0
0.5418615341186523 0
0.633552610874176 0
0.6364290118217468 0
0.6128674745559692 0
0.6140838265419006 0
0.5353475213050842 0
0.5845648646354675 0
0.573498547077179 0
0.5535895228385925 0
0.5722315907478333 0
0.601213276386261 0
0.6279689073562622 0
0.575776219367981 0
0.6222638487815857 0
0.5650604367256165 0
0.7172456383705139 0
0.7795924544334412 0
0.8002645373344421 0
0.6083435416221619 0
0.49224868416786194 0
0.6799629330635071 0
0.5592409372329712 0
0.695370614528656 0
0.5669438242912292 0
0.552530825138092 0
0.6358490586280823 0
0.6788836121559143 0
0.6493712663650513 0
0.45744985342025757 0
0.42566415667533875 0
0.7333171367645264 0
0.5516114234924316 0
0.5440410375595093 0
0.6067700982093811 0
0.6757586598396301 0
0.6068994998931885 0
0.7300845980644226 0
0.619193434715271 0
0.8209304809570312 0
0.760033130645752 0
0.7137582302093506 0
0.7844531536102295 0
0.7748979330062866 0
0.7044077515602112 0
0.7750257849693298 0
0.8070531487464905 0
0.8112600445747375 0
0.8129938244819641 0
0.7792062163352966 0
0.7541034817695618 0
0.8461094498634338 0
0.7770624160766602 0
0.6555033326148987 0
0.7871042490005493 0
0.8211034536361694 0
0.8221949934959412 0
0.762093722820282 0
0.8140319585800171 0
0.7650740146636963 0
0.7122883796691895 0
0.7989587783813477 0
0.7378008961677551 0
0.7707642316818237 0
0.8207520842552185 0
0.6314311623573303 0
0.6530405282974243 0
0.5840731263160706 0
0.7255196571350098 0
0.7017000317573547 0
0.779922604560852 0
0.6372177004814148 0
0.766735851764679 0
0.8459851741790771 0
0.7714705467224121 0
0.6950890421867371 0
0.8624313473701477 0
0.7042508125305176 0
0.8761654496192932 0
0.7247028350830078 0
0.7133702635765076 0
0.7652188539505005 0
0.7541717886924744 0
0.8152721524238586 0
0.8037617802619934 0
0.7253893613815308 0
0.8459834456443787 0
0.8669857978820801 0
0.6151973009109497 0
0.8690510988235474 0
0.7998454570770264 0
0.8364090323448181 0
0.7686440348625183 0
0.7961679697036743 0
0.765421986579895 0
0.8212169408798218 0
0.8942310810089111 0
0.7921262383460999 0
0.8100042343139648 0
0.7668399214744568 0
0.7520920634269714 0
0.8121030926704407 0
0.8158838748931885 0
0.768631637096405 0
0.8792389631271362 0
0.8406851291656494 0
0.8046277761459351 0
0.7940616011619568 0
0.7533867955207825 0
0.716754138469696 0
0.8418556451797485 0
0.801173985004425 1
0.8618587255477905 1
0.8520207405090332 1
0.9320457577705383 1
0.8879754543304443 1
0.8730329275131226 1
0.9072573781013489 1
0.9116345047950745 1
0.9427222609519958 1
0.9124914407730103 1
0.9320098161697388 1
0.9155435562133789 1
0.8986366391181946 1
0.8388380408287048 1
0.9073342680931091 1
0.9051946997642517 1
0.9535811543464661 1
0.9086441397666931 1
0.9108370542526245 1
0.9122878909111023 1
0.7588379979133606 1
0.9418553709983826 1
0.9021526575088501 1
0.8576479554176331 1
0.8129662871360779 1
0.9222056865692139 1
0.9678578972816467 1
0.9197100400924683 1
0.9075684547424316 1
0.8329312205314636 1
1.0 1
0.7131496071815491 1
0.8497692942619324 1
0.9108380675315857 1
0.901324450969696 1
0.9213313460350037 1
0.895278811454773 1
0.7803852558135986 1
0.8408954739570618 1
0.8900139927864075 1
0.8657405376434326 1
0.8633350729942322 1
0.8975621461868286 1
0.42619219422340393 0
0.5919354557991028 0
0.4036688804626465 0
0.2224387675523758 0
0.3757910132408142 0
0.656087338924408 0
0.3007502257823944 0
0.392042875289917 0
0.25565284490585327 0
0.44822224974632263 0
0.5827837586402893 0
0.37457340955734253 0
0.5072869062423706 0
0.41442713141441345 0
0.17763611674308777 0
0.20327232778072357 0
0.1701502650976181 0
0.2656719982624054 0
0.12716419994831085 0
0.32651934027671814 0
0.1163090243935585 0
0.21405182778835297 0
0.06812909245491028 0
0.1531309336423874 0
0.10181757062673569 0
0.1779552847146988 0
0.14442668855190277 0
0.2391553521156311 0
0.1602982133626938 0
0.6951883435249329 0
0.6030806303024292 0
0.7257786393165588 0
0.5261687636375427 0
0.5780371427536011 0
0.6768094301223755 0
0.5635331869125366 0
0.669663667678833 0
0.7410655617713928 0
0.6199579834938049 0
0.6087557673454285 0
0.6559157967567444 0
0.49644848704338074 0
0.6343074440956116 0
0.4683806598186493 0
0.6938295364379883 0
0.6863354444503784 0
0.7083496451377869 0
0.6040539145469666 0
0.7444955110549927 0
0.6118621826171875 0
0.725631058216095 0
0.6451888680458069 0
0.609329342842102 0
0.583114504814148 0
0.5708143711090088 0
0.7088224291801453 0
0.4853191375732422 0
0.6504873633384705 0
0.5753454566001892 0
0.5475980043411255 0
0.7074888944625854 0
0.7133098244667053 0
0.6212705373764038 0
0.5423694849014282 0
0.5055481791496277 0
0.5713402032852173 0
0.7031420469284058 0
0.7636271119117737 0
0.472303181886673 0
0.7169399857521057 0
0.5857890844345093 0
0.6586987972259521 0
0.7358427047729492 0
0.6832989454269409 0
0.7536014914512634 0
0.7931241989135742 0
0.7642018795013428 0
0.8396424651145935 0
0.8334572315216064 0
0.844148576259613 0
0.7845445275306702 0
0.7727327346801758 0
0.8869670033454895 0
0.8621253371238708 0
0.8506079912185669 0
0.6968854665756226 0
0.7473487854003906 0
0.7376998662948608 0
0.8362609148025513 0
0.8206831216812134 0
0.7768827676773071 0
0.7695848941802979 0
0.7368105053901672 0
0.768399715423584 0
0.819969654083252 0
0.6793307065963745 0
0.8157854676246643 0
0.6903982162475586 0
0.7822988629341125 0
0.6882543563842773 0
0.8065585494041443 0
0.7060397863388062 0
0.7377777695655823 0
0.7377025485038757 0
0.7619547843933105 0
0.680551290512085 0
0.764942467212677 0
0.8188340663909912 0
0.7258828282356262 0
0.8868774771690369 0
0.41816529631614685 0
0.4144679605960846 0
0.2777225971221924 0
0.3151456117630005 0
0.3561549186706543 0
0.22940082848072052 0
0.3211231231689453 0
0.34557172656059265 0
0.23735342919826508 0
0.2239774614572525 0
0.25972825288772583 0
0.28592535853385925 0
0.37026703357696533 0
0.2557336986064911 0
0.37329572439193726 0
0.23505866527557373 0
0.31961336731910706 0
0.3097456097602844 0
0.29663601517677307 0
0.3351987302303314 0
0.3597124218940735 0
0.273086816072464 0
0.2474742978811264 0
0.2575944662094116 0
0.37298864126205444 0
0.39213070273399353 0
0.3193713426589966 0
0.34120655059814453 0
0.1779056191444397 0
0.2459518313407898 0
0.2382964938879013 0
0.3293917179107666 0
0.3203701972961426 0
0.3727410137653351 0
0.35614389181137085 0
0.25592780113220215 0
0.10637134313583374 0
0.4827767610549927 0
0.36574798822402954 0
0.3347301185131073 0
0.3570719063282013 0
0.3485383689403534 0
0.2944866716861725 0
0.4151713252067566 0
0.35124051570892334 0
0.2617454528808594 0
0.49786749482154846 0
0.41378623247146606 0
0.47485268115997314 0
0.38017749786376953 0
0.5971403121948242 0
0.394368052482605 0
0.4401654303073883 0
0.47037845849990845 0
0.4399808943271637 0
0.5120877623558044 0
0.29681360721588135 0
0.6738317608833313 0
0.3917649984359741 0
0.33796900510787964 0
0.3294709622859955 0
0.4404155910015106 0
0.43761762976646423 0
0.1641819328069687 0
0.2621142566204071 0
0.39299699664115906 0
0.5055335760116577 0
0.41367068886756897 0
0.38534724712371826 0
0.4271777868270874 0
0.5490157604217529 0
0.2793461084365845 0
0.3806893825531006 0
0.26796916127204895 0
0.2623698115348816 0
0.3953879177570343 0
0.8145961761474609 1
0.8618077635765076 1
0.8958715796470642 1
0.8651956915855408 1
0.8562529683113098 1
0.8748864531517029 1
0.7097117304801941 1
0.8941293954849243 1
0.8520503640174866 1
0.8619467616081238 1
0.8769940733909607 1
0.8695016503334045 1
0.8012726902961731 1
0.8435120582580566 1
0.5489817261695862 1
0.5848495960235596 1
0.6583751440048218 1
0.635513424873352 1
0.5678747892379761 1
0.6215195655822754 1
0.6903920769691467 1
0.6699499487876892 1
0.6765291094779968 1
0.6337644457817078 1
0.6602466106414795 1
0.6467113494873047 1
0.5717196464538574 1
0.6277349591255188 1
0.7372428178787231 1
0.11614804714918137 0
0.21410895884037018 0
0.13830527663230896 0
0.12293839454650879 0
0.053549058735370636 0
0.12744168937206268 0
0.08883081376552582 0
0.24347315728664398 0
0.15552353858947754 0
0.08856520801782608 0
-0.028566384688019753 0
0.1213967353105545 0
-0.00035883282544091344 0
0.04255099594593048 0
0.2137593924999237 0
0.1583596020936966 0
0.0817522332072258 0
0.2367308884859085 0
0.07951369881629944 0
0.16974979639053345 0
0.10186681151390076 0
0.01811790280044079 0
0.09538263082504272 0
0.04217296466231346 0
-0.008393869735300541 0
0.09870775043964386 0
0.09662339091300964 0
0.03635203465819359 0
0.08581653982400894 0
0.020040201023221016 0
0.17172501981258392 0
0.153094083070755 0
0.16278593242168427 0
0.12645049393177032 0
0.19195324182510376 0
0.08870553225278854 0
0.0865367129445076 0
0.023931078612804413 0
0.10698855668306351 0
0.07585302740335464 0
0.2411739081144333 0
-0.06599841266870499 0
0.1103760302066803 0
0.15912239253520966 0
0.0948370099067688 0
0.31930604577064514 0
0.026072345674037933 0
0.10647395253181458 0
0.07880602777004242 0
0.3248043954372406 0
0.20709779858589172 0
0.14623695611953735 0
0.23864023387432098 0
0.24548645317554474 0
0.3319453001022339 0
0.3471775949001312 0
0.38435328006744385 0
0.31472140550613403 0
0.24473464488983154 0
0.23020383715629578 0
0.189760223031044 0
0.1483858823776245 0
0.20997411012649536 0
0.0887724906206131 0
0.28112292289733887 0
0.2571414113044739 0
0.22386085987091064 0
0.20292627811431885 0
0.48540639877319336 0
0.38837841153144836 0
0.4526870548725128 0
0.2836960554122925 0
0.3487875759601593 0
0.38471442461013794 0
0.2526113986968994 0
0.16069261729717255 0
0.2569490373134613 0
0.13126707077026367 0
0.350151002407074 0
0.2938269078731537 0
0.10463704913854599 0
0.3247400224208832 0
0.3693811297416687 0
0.15327073633670807 0
0.38461896777153015 0
0.22150340676307678 0
0.23436246812343597 0
0.17878805100917816 0
0.31215178966522217 0
0.16886858642101288 0
0.2670484781265259 0
0.1908988207578659 0
0.2591041922569275 0
0.21574082970619202 0
0.2610119879245758 0
0.1735767126083374 0
0.22892330586910248 0
0.22198504209518433 0
0.37909063696861267 0
0.22321520745754242 0
0.309455543756485 0
0.28351813554763794 0
0.15448926389217377 0
0.33341604471206665 0
0.3379075527191162 0
0.17659631371498108 0
0.24669906497001648 0
0.2915760278701782 0
0.3367578983306885 0
0.21976728737354279 0
0.11918864399194717 0
0.2543213665485382 0
0.35839706659317017 0
0.24815674126148224 0
0.3256431221961975 0
0.16685669124126434 0
0.30235832929611206 0
0.2747334837913513 0
0.2189980149269104 0
0.19144207239151 0
0.20587600767612457 0
0.11908028274774551 0
0.20905190706253052 0
0.25705790519714355 0
0.3226485252380371 0
0.2204461693763733 0
0.11850326508283615 0
0.06881706416606903 0
0.09912770986557007 0
0.16521213948726654 0
0.19601446390151978 0
0.2853727638721466 0
0.3079145848751068 0
0.18294528126716614 0
0.29679790139198303 0
0.03740732744336128 0
0.189006045460701 0
0.12287428230047226 0
0.37282076478004456 0
0.26348721981048584 0
0.2569766044616699 0
0.24270957708358765 0
0.13965168595314026 0
0.3743000328540802 0
0.12561291456222534 0
0.44835999608039856 0
0.2736886143684387 0
0.2000705897808075 0
0.023368190973997116 0
0.17780815064907074 0
0.24093303084373474 0
0.14959654211997986 0
0.3273267149925232 0
0.26161012053489685 0
0.1857278048992157 0
0.13648945093154907 0
0.42814043164253235 1
0.6120720505714417 1
0.7208393216133118 1
0.5885617733001709 1
0.7401087880134583 1
0.5791876912117004 1
0.7316528558731079 1
0.7263422012329102 1
0.6431210041046143 1
0.49446380138397217 1
0.7244835495948792 1
0.6953076720237732 1
0.6687361001968384 1
0.6149065494537354 1
0.4841378927230835 1
0.8139752745628357 1
0.827351987361908 1
0.8947066068649292 1
0.7903067469596863 1
0.8775500059127808 1
0.7912211418151855 1
0.8515307903289795 1
0.8838831186294556 1
0.9020722508430481 1
0.8340892791748047 1
0.8336021304130554 1
0.7017452716827393 1
0.9011247754096985 1
0.8812477588653564 1
0.09168899059295654 0
