0.8878975510597229 1
0.8892253637313843 1
0.9404202103614807 1
0.8959109783172607 1
0.7097727060317993 1
0.8035318851470947 1
0.9297055602073669 1
0.8963796496391296 1
0.9439821243286133 1
0.8889141082763672 1
0.8676537871360779 1
0.9397369623184204 1
0.9148238897323608 1
0.8750712871551514 1
0.9133938550949097 1
0.824690043926239 1
0.9147756695747375 1
0.9504556655883789 1
0.8836686611175537 1
0.8850074410438538 1
0.8996404409408569 1
0.9054533839225769 1
0.95359206199646 1
0.9507941603660583 1
0.9187526702880859 1
0.9422158598899841 1
0.9412983655929565 1
0.9088575839996338 1
0.8519746661186218 1
0.8494208455085754 1
0.9213355183601379 1
0.9325106143951416 1
0.9160484075546265 1
0.9614349007606506 1
0.9206086993217468 1
0.8781853318214417 1
0.9470786452293396 1
0.9207838773727417 1
0.9270621538162231 1
0.915604293346405 1
0.8721804022789001 1
0.937928318977356 1
0.48642832040786743 0
0.5643450021743774 0
0.5311612486839294 0
0.36828872561454773 0
0.40699857473373413 0
0.4350656270980835 0
0.4775320887565613 0
0.612594723701477 0
0.6031270623207092 0
0.5075114369392395 0
0.5200979113578796 0
0.6279529929161072 0
0.6113247871398926 0
0.5998168587684631 0
0.5175939798355103 0
0.4350769519805908 0
0.6390225291252136 0
0.6894614100456238 0
0.6230248212814331 0
0.5289034843444824 0
0.516406774520874 0
0.7406496405601501 0
0.35758835077285767 0
0.41559097170829773 0
0.45276084542274475 0
0.6627675890922546 0
0.4820575714111328 0
0.512669563293457 0
0.5068987011909485 0
0.6446986198425293 0
0.6676605939865112 0
0.5541409254074097 0
0.44602257013320923 0
0.6224328875541687 0
0.3474124073982239 0
0.649433970451355 0
0.6265634298324585 0
0.5635798573493958 0
0.6066888570785522 0
0.4571644067764282 0
0.4390020966529846 0
0.5368325710296631 0
0.6512724757194519 0
0.6221783757209778 0
0.6720238327980042 0
0.5623434782028198 0
0.681108295917511 0
0.695798397064209 0
0.6806172728538513 0
0.6820960640907288 0
0.7182271480560303 0
0.7145071029663086 0
0.6671644449234009 0
0.5826624035835266 0
0.768065333366394 0
0.6474847793579102 0
0.6972028017044067 0
0.6349716782569885 0
0.7518002986907959 0
0.6739436984062195 0
0.60835862159729 0
0.597390353679657 0
0.6440766453742981 0
0.6062811017036438 0
0.6667858958244324 0
0.5411773920059204 0
0.671897292137146 0
0.5726481080055237 0
0.6582923531532288 0
0.6309627294540405 0
0.5776318907737732 0
0.6300861835479736 0
0.5640740990638733 0
0.6100064516067505 0
0.7703490257263184 0
0.8282702565193176 0
0.6829007863998413 0
0.7758610844612122 0
0.6632341742515564 0
0.5773976445198059 0
0.8242968916893005 0
0.737023651599884 0
0.7376134395599365 0
0.8329684734344482 0
0.6960795521736145 0
0.5859667658805847 0
0.7354864478111267 0
0.7124677896499634 0
0.6609103679656982 0
0.8483557105064392 0
0.865419328212738 0
0.6926316618919373 0
0.8076127171516418 0
0.6338159441947937 0
0.5471351742744446 0
0.8872766494750977 0
0.6390843987464905 0
0.7315527200698853 0
0.6944750547409058 0
0.7246279716491699 0
0.6503689885139465 0
0.6632470488548279 0
0.5739598870277405 0
0.8128125071525574 0
0.6197828650474548 0
0.764169454574585 0
0.6498984694480896 0
0.42836645245552063 0
0.6716433167457581 0
0.5813474655151367 0
0.682250440120697 0
0.6202412247657776 0
0.6911213397979736 0
0.7341569662094116 0
0.08083053678274155 0
0.30968719720840454 0
0.17509402334690094 0
0.11921520531177521 0
0.10961508750915527 0
0.08770345896482468 0
0.07452981173992157 0
0.05180537700653076 0
0.11386972665786743 0
-0.0007532111485488713 0
0.05606505274772644 0
0.19428646564483643 0
0.07348412275314331 0
0.14272557199001312 0
0.03309640288352966 0
0.12312144786119461 0
0.15983831882476807 0
0.07111513614654541 0
0.06276296079158783 0
0.1284986436367035 0
0.03629530593752861 0
0.08929050713777542 0
0.016535047441720963 0
0.03600906580686569 0
0.1249321848154068 0
0.08327813446521759 0
0.09169454127550125 0
0.19510339200496674 0
0.046107374131679535 0
0.9409287571907043 1
0.9234344363212585 1
0.8484500050544739 1
0.9448204636573792 1
0.9315938949584961 1
0.7888409495353699 1
0.9135400652885437 1
0.7813265323638916 1
0.8983213901519775 1
0.9402530789375305 1
0.7939453721046448 1
0.9456310868263245 1
0.9080904722213745 1
0.9395627379417419 1
0.9645673632621765 1
0.8972695469856262 1
0.7986428737640381 1
0.8113356232643127 1
0.8732578158378601 1
0.8448333144187927 1
0.8775898218154907 1
0.9506955146789551 1
0.906799852848053 1
0.9067893028259277 1
0.8845165967941284 1
0.9385776519775391 1
0.8705254793167114 1
0.8740898966789246 1
0.8763033151626587 1
0.8189707398414612 1
0.8655529022216797 1
0.7022864818572998 1
0.9366587996482849 1
0.9437165856361389 1
0.9166624546051025 1
0.934938907623291 1
0.8369476199150085 1
0.956028938293457 1
0.9020002484321594 1
0.9612728953361511 1
0.8843943476676941 1
0.8644703030586243 1
0.8506904244422913 1
0.581471860408783 0
0.3992382287979126 0
0.6090541481971741 0
0.6327506899833679 0
0.48959264159202576 0
0.5979379415512085 0
0.4765588343143463 0
0.49637824296951294 0
0.5522289276123047 0
0.516177773475647 0
0.4166088104248047 0
0.5726119875907898 0
0.5530099868774414 0
0.6072123050689697 0
0.5863369703292847 0
0.6944356560707092 0
0.5873241424560547 0
0.6664980053901672 0
0.38859084248542786 0
0.4543147683143616 0
0.585328221321106 0
0.6270588636398315 0
0.5741347074508667 0
0.4354976415634155 0
0.5600724220275879 0
0.416016548871994 0
0.46398216485977173 0
0.4079457223415375 0
0.44402310252189636 0
0.45489540696144104 0
0.5050016045570374 0
0.542901337146759 0
0.5027043223381042 0
0.4828210175037384 0
0.5374468564987183 0
0.6293215155601501 0
0.5912256240844727 0
0.4729556739330292 0
0.600277841091156 0
0.4899061620235443 0
0.41360512375831604 0
0.7356472611427307 0
0.5955920219421387 0
0.6937792897224426 0
0.6538890600204468 0
0.596330463886261 0
0.5659471154212952 0
0.6860325932502747 0
0.6920243501663208 0
0.4658629298210144 0
0.5385820269584656 0
0.5291356444358826 0
0.5510030388832092 0
0.6778086423873901 0
0.624706506729126 0
0.6166216731071472 0
0.5131708979606628 0
0.7117334604263306 0
0.58358234167099 0
0.5870357155799866 0
0.49533286690711975 0
0.5608445405960083 0
0.6945956349372864 0
0.637269139289856 0
0.531518280506134 0
0.6491580605506897 0
0.5841096043586731 0
0.6708993315696716 0
0.750600278377533 0
0.5929356813430786 0
0.5964881181716919 0
0.5524554252624512 0
0.6247926950454712 0
0.5545237064361572 0
0.6343182325363159 0
0.6948186755180359 0
0.7425543069839478 0
0.6263030767440796 0
0.6200718283653259 0
0.7761847972869873 0
0.6423934102058411 0
0.7526736259460449 0
0.6511458158493042 0
0.4838462769985199 0
0.7555239200592041 0
0.7971038222312927 0
0.659651517868042 0
0.8125247955322266 0
0.6009221076965332 0
0.6929735541343689 0
0.5413157343864441 0
0.7714007496833801 0
0.8185383677482605 0
0.6559783816337585 0
0.7357221841812134 0
0.7468072175979614 0
0.6301247477531433 0
0.642802357673645 0
0.5868951678276062 0
0.7251503467559814 0
0.7728232145309448 0
0.7828873991966248 0
0.6303480267524719 0
0.6419969201087952 0
0.7842802405357361 0
0.7278414964675903 0
0.5877136588096619 0
0.7971794605255127 0
0.7842177152633667 0
0.6209676265716553 0
0.6799952387809753 0
0.8195429444313049 0
0.6579108238220215 0
0.7812395095825195 0
0.145271897315979 0
0.24634328484535217 0
0.0869753286242485 0
0.1442650854587555 0
0.0568760484457016 0
0.13571476936340332 0
0.3306291401386261 0
0.17943121492862701 0
0.23448684811592102 0
0.09530318528413773 0
0.07092225551605225 0
0.07603432983160019 0
0.09602826088666916 0
0.10407791286706924 0
0.14354686439037323 0
0.07069981098175049 0
0.12033247947692871 0
0.08626039326190948 0
0.07832808047533035 0
0.051092468202114105 0
0.06197228655219078 0
0.1567995399236679 0
0.1926308125257492 0
0.2327766716480255 0
0.0212289746850729 0
0.13542810082435608 0
0.08204149454832077 0
0.11028303951025009 0
0.10240039974451065 0
0.8767378330230713 1
0.9382862448692322 1
0.9301111698150635 1
0.8432515859603882 1
0.8701754808425903 1
0.8922162652015686 1
0.8815487623214722 1
0.9567310810089111 1
0.9062181115150452 1
0.9159586429595947 1
0.9033191800117493 1
0.8471939563751221 1
0.8580146431922913 1
0.9536046385765076 1
0.9214503169059753 1
0.9033706188201904 1
0.9166132211685181 1
0.9221744537353516 1
0.847890317440033 1
0.9400405883789062 1
0.9215053915977478 1
0.9292913675308228 1
0.9280685186386108 1
0.6972913146018982 1
0.9260802268981934 1
0.8807971477508545 1
0.9261749386787415 1
0.938549816608429 1
0.9620471596717834 1
0.9103236198425293 1
0.9382644295692444 1
0.8559771776199341 1
0.9125578999519348 1
0.8487682938575745 1
0.9236658215522766 1
0.8864126205444336 1
0.8179486989974976 1
0.92105633020401 1
0.9348142743110657 1
0.8216526508331299 1
0.8955986499786377 1
0.9257009625434875 1
0.45187467336654663 0
0.590530276298523 0
0.44213029742240906 0
0.42423489689826965 0
0.4993179738521576 0
0.5935649275779724 0
0.35639673471450806 0
0.511432409286499 0
0.5583583116531372 0
0.5153834819793701 0
0.8877646327018738 1
0.8544333577156067 1
0.8828074932098389 1
0.8648558855056763 1
0.9200692772865295 1
0.7775207757949829 1
0.9159395098686218 1
0.9036045670509338 1
0.838873028755188 1
0.8845635056495667 1
0.935409665107727 1
0.8868021368980408 1
0.916034996509552 1
0.8743669986724854 1
0.848853349685669 1
0.8473299145698547 1
0.7973165512084961 1
0.9410023093223572 1
0.8887502551078796 1
0.863987922668457 1
0.7568477988243103 1
0.9150881767272949 1
0.8983984589576721 1
0.87422114610672 1
0.8071805238723755 1
0.9233831167221069 1
0.8995955586433411 1
0.8782227039337158 1
0.8269173502922058 1
0.8692901134490967 1
0.8902824521064758 1
0.7931811809539795 1
0.6191274523735046 0
0.6357032656669617 0
0.6794751286506653 0
0.6786924004554749 0
0.6402196288108826 0
0.6310533285140991 0
0.5298911929130554 0
0.6498863101005554 0
0.6502143740653992 0
0.6918556094169617 0
0.6858680844306946 0
0.6404119729995728 0
0.6230878829956055 0
0.5015860795974731 0
0.6067026853561401 0
0.7185506820678711 0
0.6269758939743042 0
0.6561513543128967 0
0.48723268508911133 0
0.6788077354431152 0
0.591553270816803 0
0.6116906404495239 0
0.7338359355926514 0
0.7496793866157532 0
0.6203606724739075 0
0.6651331782341003 0
0.669478178024292 0
0.728443443775177 0
0.6810840368270874 0
0.6577141880989075 0
0.7230653762817383 0
0.8341541290283203 0
0.7166368365287781 0
0.8023484945297241 0
0.7590789198875427 0
0.7110457420349121 0
0.736092746257782 0
0.682034969329834 0
0.7462127804756165 0
0.7356196045875549 0
0.7103606462478638 0
0.7751970887184143 0
0.5484042167663574 0
0.5815108418464661 0
0.656578540802002 0
0.7204789519309998 0
0.712681233882904 0
0.6734821200370789 0
0.7380523085594177 0
0.7866512537002563 0
0.7749641537666321 0
0.7451881766319275 0
0.7726331949234009 0
0.7232672572135925 0
0.7042999863624573 0
0.7266250252723694 0
0.7306967377662659 0
0.6997031569480896 0
0.7554939389228821 0
0.6748914122581482 0
0.7855185270309448 0
0.6938119530677795 0
0.6260996460914612 0
0.7065571546554565 0
0.6180897951126099 0
0.6770230531692505 0
0.721820592880249 0
0.6546130180358887 0
0.8529165983200073 0
0.8207740783691406 0
0.5996990203857422 0
0.6196458339691162 0
0.6670068502426147 0
0.6519178152084351 0
0.5623762607574463 0
0.5760924220085144 0
0.5919917225837708 0
0.6071807146072388 0
0.41665226221084595 0
0.4832306504249573 0
0.6922392249107361 0
0.46141085028648376 0
0.38788753747940063 0
0.46948760747909546 0
0.36550745368003845 0
0.49581393599510193 0
0.46543872356414795 0
0.3388756513595581 0
0.42791879177093506 0
0.36929991841316223 0
0.47712716460227966 0
0.3984483480453491 0
0.46261465549468994 0
0.2906664311885834 0
0.31985199451446533 0
0.40158697962760925 0
0.39052465558052063 0
0.47000083327293396 0
0.36213043332099915 0
0.2695322334766388 0
0.37207159399986267 0
0.5215240716934204 0
0.4817865490913391 0
0.5529618263244629 0
0.42714422941207886 0
0.5834678411483765 0
0.431295782327652 0
0.5534319281578064 0
0.4233751595020294 0
0.5074863433837891 0
0.5988626480102539 0
0.6832405924797058 0
0.39671844244003296 0
0.48026883602142334 0
0.31963351368904114 0
0.5419225692749023 0
0.4182977080345154 0
0.4320172369480133 0
0.5458672642707825 0
0.5800866484642029 0
0.6794826984405518 0
0.4267871379852295 0
0.5268216133117676 0
0.44170650839805603 0
0.5554627180099487 0
0.4894373118877411 0
0.5327596664428711 0
0.6223783493041992 0
0.6470863819122314 0
0.4351561963558197 0
0.5589722394943237 0
0.5453019142150879 0
0.5653064250946045 0
0.5864808559417725 0
0.4961266815662384 0
0.5995967388153076 0
0.5031819343566895 0
0.5813489556312561 0
0.49632561206817627 0
0.5927466750144958 0
0.6673117876052856 0
0.6064602732658386 0
0.6553488969802856 0
0.4754926264286041 0
0.8966138362884521 1
0.8164454698562622 1
0.8228044509887695 1
0.8075723648071289 1
0.8684115409851074 1
0.8981807827949524 1
0.9284353256225586 1
0.9154844284057617 1
0.8896863460540771 1
0.7965481281280518 1
0.8396666646003723 1
0.8205265402793884 1
0.8565211296081543 1
0.9111822247505188 1
0.8284651041030884 1
0.825471818447113 1
0.8252809643745422 1
0.8971313834190369 1
0.8455820679664612 1
0.9177868962287903 1
0.9394556283950806 1
0.9085529446601868 1
0.8891136050224304 1
0.893786609172821 1
0.8080164790153503 1
0.7720542550086975 1
0.8466680645942688 1
0.9124252200126648 1
0.843547523021698 1
0.7929144501686096 1
0.8468679785728455 1
0.8926782011985779 1
0.8765195608139038 1
0.8828436136245728 1
0.8709302544593811 1
0.8973204493522644 1
0.7617543339729309 1
0.8708308339118958 1
0.8607999682426453 1
0.897170901298523 1
0.8358936905860901 1
0.8318912982940674 1
0.7082943320274353 0
0.6507650017738342 0
0.6046775579452515 0
0.6711556911468506 0
0.7256534695625305 0
0.6083164215087891 0
0.6294499635696411 0
0.6569917798042297 0
0.7153581976890564 0
0.708584189414978 0
0.7698551416397095 0
0.5894597768783569 0
0.6598925590515137 0
0.6636877655982971 0
0.759885847568512 0
0.8090182542800903 0
0.6967313885688782 0
0.6518601179122925 0
0.6899505853652954 0
0.543869137763977 0
0.773492693901062 0
0.6590903997421265 0
0.6683648228645325 0
0.7394856810569763 0
0.6736549139022827 0
0.6774795055389404 0
0.7098432183265686 0
0.5960359573364258 0
0.518894612789154 0
0.5754854679107666 0
0.7882499694824219 0
0.7809798717498779 0
0.8471795916557312 0
0.640923261642456 0
0.6968701481819153 0
0.6601852774620056 0
0.7470355033874512 0
0.7189046740531921 0
0.7361000776290894 0
0.7469719052314758 0
0.7363454103469849 0
0.6812926530838013 0
0.6707810759544373 0
0.6765661239624023 0
0.6278291344642639 0
0.7302741408348083 0
0.6279011964797974 0
0.7314475178718567 0
0.7567650079727173 0
0.6462115049362183 0
0.6532052159309387 0
0.5444995760917664 0
0.7220271229743958 0
0.6765105724334717 0
0.657831072807312 0
0.6705368161201477 0
0.5664032697677612 0
0.6943535804748535 0
0.5308448672294617 0
0.6192894577980042 0
0.7622292637825012 0
0.6144942045211792 0
0.6757841110229492 0
0.5779288411140442 0
0.659803569316864 0
0.6818267703056335 0
0.6438442468643188 0
0.6704325675964355 0
0.6489564180374146 0
0.6958141326904297 0
0.5613777041435242 0
0.57270348072052 0
0.6871892213821411 0
0.5086293816566467 0
0.6035619974136353 0
0.6820270419120789 0
0.4102122187614441 0
0.4748866558074951 0
0.5873703360557556 0
0.3915846347808838 0
0.5388637781143188 0
0.5781000852584839 0
0.6564919948577881 0
0.4058453440666199 0
0.6757535338401794 0
0.5544390678405762 0
0.5139234662055969 0
0.4414670765399933 0
0.5367332100868225 0
0.3876461386680603 0
0.5237787365913391 0
0.3628249764442444 0
0.2559056282043457 0
0.5766003727912903 0
0.5647749304771423 0
0.4121202528476715 0
0.4598095118999481 0
0.6267379522323608 0
0.517970085144043 0
0.4111058712005615 0
0.3894129693508148 0
0.3784334361553192 0
0.45439690351486206 0
0.5146477222442627 0
0.425112247467041 0
0.5266238451004028 0
0.47591903805732727 0
0.6141616106033325 0
0.5445465445518494 0
0.4065153896808624 0
0.5626696944236755 0
0.6268250942230225 0
0.7090660929679871 0
0.4587436616420746 0
0.42802488803863525 0
0.43936461210250854 0
0.29562321305274963 0
0.5767440795898438 0
0.43364399671554565 0
0.6177151799201965 0
0.6648378968238831 0
0.5435277223587036 0
0.620807409286499 0
0.5935455560684204 0
0.6854954957962036 0
0.4813879132270813 0
0.5552842617034912 0
0.510995626449585 0
0.7133153080940247 0
0.3684876561164856 0
0.5475500822067261 0
0.5483825206756592 0
0.41083741188049316 0
0.5366873741149902 0
0.6065783500671387 0
0.5772704482078552 0
0.5195099115371704 0
0.6437468528747559 0
0.599386990070343 0
0.6889809370040894 0
0.6104198098182678 0
0.6631039977073669 0
0.5199602246284485 0
0.444709837436676 0
0.8886655569076538 1
0.9092941284179688 1
0.8925580978393555 1
0.8633305430412292 1
0.8510498404502869 1
0.9125107526779175 1
0.9015410542488098 1
0.8967022895812988 1
0.8438753485679626 1
0.7482190728187561 1
0.8018332719802856 1
0.8669565320014954 1
0.8440262079238892 1
0.8299675583839417 1
0.8724127411842346 1
0.8826491236686707 1
0.8065084218978882 1
0.9149861931800842 1
0.8797070980072021 1
0.8436611890792847 1
0.8623526692390442 1
0.9079636931419373 1
0.7483112215995789 1
0.8980603814125061 1
0.9138911366462708 1
0.9203479886054993 1
0.7893741726875305 1
0.8285900354385376 1
0.9377517700195312 1
0.8993827700614929 1
0.8915164470672607 1
0.8695487976074219 1
0.8430132865905762 1
0.8587439656257629 1
0.9126902222633362 1
0.8067198991775513 1
0.9321085810661316 1
0.8120405673980713 1
0.8825068473815918 1
0.872734010219574 1
0.8648243546485901 1
0.880346953868866 1
0.6865511536598206 0
0.5380828976631165 0
0.5778429508209229 0
0.6151508092880249 0
0.6467947959899902 0
0.46152183413505554 0
0.5923824906349182 0
0.5812472701072693 0
0.48011112213134766 0
0.716605007648468 0
0.6334395408630371 0
0.598913311958313 0
0.59529048204422 0
0.6271972060203552 0
0.6703625321388245 0
0.966838538646698 1
0.9611948728561401 1
0.9422628879547119 1
0.9512354731559753 1
0.9527625441551208 1
0.9464378952980042 1
0.9117328524589539 1
0.8910605907440186 1
0.9738709330558777 1
0.9628169536590576 1
0.9545629024505615 1
0.9196147918701172 1
0.9371843934059143 1
0.9500243067741394 1
0.9016575813293457 1
0.86629319190979 0
0.8650830388069153 0
0.9138981103897095 0
0.944278359413147 0
0.8730331063270569 0
0.8923229575157166 0
0.9192545413970947 0
0.8564369678497314 0
0.8535355925559998 0
0.8189768195152283 0
0.8943716883659363 0
0.8601651191711426 0
0.8490932583808899 0
0.8515480756759644 0
0.9212812185287476 0
0.9068962931632996 0
0.8721407651901245 0
0.8385211229324341 0
0.8875754475593567 0
0.8468170166015625 0
0.8401105999946594 0
0.8721243739128113 0
0.8140293955802917 0
0.8505740761756897 0
0.9247042536735535 0
0.7659549713134766 0
0.8495498299598694 0
0.922248899936676 0
0.7766689658164978 0
0.7968616485595703 0
0.8202138543128967 0
0.5789644718170166 0
0.8574289679527283 0
0.8123630285263062 0
0.8769235610961914 0
0.8965886235237122 0
0.9058077931404114 0
0.8702694177627563 0
0.7235565781593323 0
0.8567483425140381 0
0.7378983497619629 0
0.8741902112960815 0
0.21391576528549194 0
0.2796224057674408 0
0.3322714865207672 0
0.3202069103717804 0
0.32031628489494324 0
0.23587916791439056 0
0.37336182594299316 0
0.3309330344200134 0
0.31117990612983704 0
0.25030648708343506 0
0.34481504559516907 0
0.28434598445892334 0
0.23175932466983795 0
0.26599034667015076 0
0.21370303630828857 0
0.13372887670993805 0
0.2521437406539917 0
0.19314199686050415 0
0.1325438916683197 0
0.21691344678401947 0
0.20781747996807098 0
0.16790089011192322 0
0.13572414219379425 0
0.2769910991191864 0
0.2768864631652832 0
0.247799813747406 0
0.1647750437259674 0
0.34675133228302 0
0.23283514380455017 0
0.6816975474357605 0
0.5963312983512878 0
0.6397860050201416 0
0.574327290058136 0
0.6194469928741455 0
0.49082228541374207 0
0.5357060432434082 0
0.6681657433509827 0
0.7214547395706177 0
0.7056452035903931 0
0.6871578097343445 0
0.687853217124939 0
0.656857967376709 0
0.7564784288406372 0
0.5614845752716064 0
0.6779746413230896 0
0.5178279280662537 0
0.6069348454475403 0
0.5636636018753052 0
0.5930753350257874 0
0.6764825582504272 0
0.5984483361244202 0
0.5834218859672546 0
0.7249323129653931 0
0.6622624397277832 0
0.6911308765411377 0
0.6256514191627502 0
0.685904860496521 0
0.5594878792762756 0
0.6723288297653198 0
0.7194779515266418 0
0.6387914419174194 0
0.5149533152580261 0
0.5647431015968323 0
0.736153244972229 0
0.6507558226585388 0
0.4918404817581177 0
0.6243370175361633 0
0.7425674200057983 0
0.7315874695777893 0
0.6736018657684326 0
0.6193603873252869 0
0.7472389936447144 0
0.6055430173873901 0
0.6125242710113525 0
0.6057998538017273 0
0.5322197675704956 0
0.654884934425354 0
0.6216487288475037 0
0.5508905053138733 0
0.6313766837120056 0
0.7253801226615906 0
0.5538710355758667 0
0.648176372051239 0
0.7245743274688721 0
0.6304831504821777 0
0.6774027943611145 0
0.7162155508995056 0
0.6789042353630066 0
0.679563045501709 0
0.7437974810600281 0
0.6700507998466492 0
0.6252768039703369 0
0.7024632692337036 0
0.7847756743431091 0
0.6899155974388123 0
0.6463189721107483 0
0.49677667021751404 0
0.7205935120582581 0
0.6423685550689697 0
0.5269900560379028 0
0.5812763571739197 0
0.6002666354179382 0
0.7483845353126526 0
0.787275493144989 0
0.6128150224685669 0
0.7650120258331299 0
0.5543034672737122 0
0.6008639931678772 0
0.6515933871269226 0
0.6961860060691833 0
0.7184272408485413 0
0.5831228494644165 0
0.590928852558136 0
0.6310133934020996 0
0.9356869459152222 1
0.8898361325263977 1
0.8663058876991272 1
0.9308865666389465 1
0.8998976945877075 1
0.9383630752563477 1
0.9311118721961975 1
0.9145330786705017 1
0.969274640083313 1
0.9505608081817627 1
0.9412404298782349 1
0.8509080410003662 1
0.9491274952888489 1
0.9182938933372498 1
0.9283761978149414 1
0.9552866220474243 1
0.9669607281684875 1
0.8794143199920654 1
0.91804039478302 1
0.9658549427986145 1
0.9207741022109985 1
0.8088442087173462 1
0.9285030364990234 1
0.9126502275466919 1
0.9263376593589783 1
0.9316099286079407 1
0.9064666032791138 1
0.9476819634437561 1
0.9309213161468506 1
0.9575192332267761 1
0.8400222659111023 0
0.7603886723518372 0
0.8238092064857483 0
0.825935423374176 0
0.7918015122413635 0
0.8658655285835266 0
0.8433919548988342 0
0.8448131680488586 0
0.8798847198486328 0
0.845174252986908 0
0.8209626078605652 0
0.8856468200683594 0
0.6760981678962708 0
0.8321887850761414 0
0.8813596367835999 0
0.8914504647254944 0
0.914750874042511 0
0.8435271382331848 0
0.8608476519584656 0
0.8786662220954895 0
0.8312721848487854 0
0.8292950987815857 0
0.8039788603782654 0
0.8144825100898743 0
0.8754257559776306 0
0.7264891266822815 0
0.8264562487602234 0
0.8892076015472412 0
0.846183180809021 0
0.9115046262741089 0
0.8601154088973999 0
0.917930006980896 0
0.8653305768966675 0
0.8673532009124756 0
0.8334276080131531 0
0.8067530393600464 0
0.8851255774497986 0
0.8851524591445923 0
0.8902612924575806 0
0.8718962669372559 0
0.9046980142593384 0
0.7639700770378113 0
0.3198903203010559 0
0.3278796374797821 0
0.3537347912788391 0
0.3513157367706299 0
0.2829495370388031 0
0.37740829586982727 0
0.3685527741909027 0
0.31237319111824036 0
0.3490927815437317 0
0.18490515649318695 0
0.3432384431362152 0
0.3565884232521057 0
0.3027208149433136 0
0.324110209941864 0
0.21531589329242706 0
0.1819514036178589 0
0.267516553401947 0
0.2773822247982025 0
0.21922358870506287 0
0.3106173872947693 0
0.2581002414226532 0
0.2461201697587967 0
0.20471452176570892 0
0.1492377072572708 0
0.2408641278743744 0
0.2593933939933777 0
0.21194934844970703 0
0.31161707639694214 0
0.17001764476299286 0
0.49807214736938477 0
0.45282623171806335 0
0.6863555312156677 0
0.6631274223327637 0
0.5945435166358948 0
0.5885404348373413 0
0.6072065830230713 0
0.46866053342819214 0
0.5351840853691101 0
0.5467599630355835 0
0.5824467539787292 0
0.6724532246589661 0
0.42485740780830383 0
0.6946006417274475 0
0.6042171716690063 0
0.606321394443512 0
0.6074285507202148 0
0.5693992972373962 0
0.6260598301887512 0
0.49336618185043335 0
0.5365836024284363 0
0.7133416533470154 0
0.6017548441886902 0
0.7153979539871216 0
0.6106767058372498 0
0.5047866702079773 0
0.5561769604682922 0
0.7188658118247986 0
0.6314980387687683 0
0.5565078854560852 0
0.5862839221954346 0
0.6667923927307129 0
0.6439990401268005 0
0.7137136459350586 0
0.583158016204834 0
0.6924214959144592 0
0.5605860948562622 0
0.545369029045105 0
0.6392456889152527 0
0.5037900805473328 0
0.6463914513587952 0
0.6206957697868347 0
0.6588379144668579 0
0.8016191720962524 0
0.6976248025894165 0
0.7577717900276184 0
0.6783353090286255 0
0.7502037882804871 0
0.8180751800537109 0
0.7157164216041565 0
0.7398735880851746 0
0.7009705901145935 0
0.7197704315185547 0
0.7843384742736816 0
0.765060305595398 0
0.7887691259384155 0
0.6453417539596558 0
0.7430647015571594 0
0.7886867523193359 0
0.6708944439888 0
0.7274392247200012 0
0.6911305785179138 0
0.7291693091392517 0
0.7195112109184265 0
0.6800356507301331 0
0.7708109617233276 0
0.5872764587402344 0
0.8134858012199402 0
0.7177870273590088 0
0.5933488607406616 0
0.6314365863800049 0
0.6304405331611633 0
0.679695725440979 0
0.793204665184021 0
0.73728346824646 0
0.6234763264656067 0
0.7802168130874634 0
0.7673999071121216 0
0.7101714015007019 0
0.7878528237342834 0
0.7893329858779907 0
0.633061945438385 0
0.6635523438453674 0
0.6347140669822693 0
0.875718355178833 0
0.8181015253067017 0
0.8481900095939636 0
0.8615602850914001 0
0.8228557705879211 0
0.7558344602584839 0
0.8581061363220215 0
0.941737949848175 0
0.8224273324012756 0
0.8746601343154907 0
0.9048253893852234 0
0.8761515021324158 0
0.866633951663971 0
0.8775689601898193 0
0.9138860702514648 0
0.8917766213417053 0
0.890288233757019 0
0.8331019282341003 0
0.8764054179191589 0
0.8208123445510864 0
0.8673389554023743 0
0.8989288210868835 0
0.8554408550262451 0
0.8778569102287292 0
0.8182216882705688 0
0.8877636194229126 0
0.8481115698814392 0
0.8735324740409851 0
0.8716855049133301 0
0.8322876691818237 0
0.8227465748786926 0
0.9315903186798096 1
0.8372533917427063 1
0.8933253884315491 1
0.9166365265846252 1
0.9291830658912659 1
0.9295007586479187 1
0.9383113384246826 1
0.8452146649360657 1
0.8650434613227844 1
0.8923831582069397 1
0.8978649973869324 1
0.8449182510375977 1
0.9016171097755432 1
0.8756689429283142 1
0.8840155601501465 1
0.9351105690002441 1
0.9286558032035828 1
0.9231666922569275 1
0.8501967787742615 1
0.8871009349822998 1
0.9355540871620178 1
0.8405658006668091 1
0.9071136713027954 1
0.8848162293434143 1
0.9286397695541382 1
0.8103567957878113 1
0.7825309038162231 1
0.9541903138160706 1
0.936623215675354 1
0.9248747825622559 1
0.7833731174468994 1
0.7359543442726135 1
0.8922465443611145 1
0.8183100819587708 1
0.8764190673828125 1
0.838840901851654 1
0.8522796630859375 1
0.8710073828697205 1
0.7552521824836731 1
0.8780413269996643 1
0.941023588180542 1
0.7114824652671814 1
0.2632812261581421 0
0.37899839878082275 0
0.3239152133464813 0
0.4288754165172577 0
0.11087145656347275 0
0.5709564089775085 0
0.24930164217948914 0
0.205475851893425 0
0.3272034227848053 0
0.4618503749370575 0
0.23323966562747955 0
0.17469125986099243 0
0.15427443385124207 0
0.44145622849464417 0
0.2930784225463867 0
0.22807040810585022 0
0.14573918282985687 0
0.1431526094675064 0
0.21489718556404114 0
0.1907501071691513 0
0.15355214476585388 0
0.33220773935317993 0
0.3551088869571686 0
0.3143467307090759 0
0.19507454335689545 0
0.30888837575912476 0
0.16594775021076202 0
0.36382728815078735 0
0.12861019372940063 0
0.6293420195579529 0
0.630755603313446 0
0.8355123400688171 0
0.7165075540542603 0
0.5541483759880066 0
0.650284469127655 0
0.6400941610336304 0
0.6152027249336243 0
0.7243615984916687 0
0.7081155180931091 0
0.6800928115844727 0
0.7407758235931396 0
0.633060872554779 0
0.5801798701286316 0
0.6028194427490234 0
0.700342059135437 0
0.6257908940315247 0
0.6326732039451599 0
0.5845458507537842 0
0.7756426334381104 0
0.8697097301483154 0
0.754846453666687 0
0.4912611246109009 0
0.6343030333518982 0
0.8208693265914917 0
0.6075409650802612 0
0.7227672934532166 0
0.6259236335754395 0
0.5726983547210693 0
0.7975555658340454 0
0.7866230607032776 0
0.6124463081359863 0
0.555820882320404 0
0.476386696100235 0
0.8495895862579346 0
0.5896715521812439 0
0.600109875202179 0
0.7258737087249756 0
0.7506685256958008 0
0.6481095552444458 0
0.6240513324737549 0
0.593997061252594 0
0.7695863246917725 0
0.7033726572990417 0
0.6853634119033813 0
0.7310271859169006 0
0.6699974536895752 0
0.6737534999847412 0
0.7540900707244873 0
0.7433679103851318 0
0.758855938911438 0
0.7806925773620605 0
0.7945118546485901 0
0.7248992323875427 0
0.7379351854324341 0
0.6805675029754639 0
0.6465864181518555 0
0.8003680109977722 0
0.7072328925132751 0
0.7365482449531555 0
0.7070344686508179 0
0.7046260237693787 0
0.6963691711425781 0
0.8248451948165894 0
0.8113911747932434 0
0.7206001877784729 0
0.7272301912307739 0
0.6641011834144592 0
0.688053548336029 0
0.6215240359306335 0
0.5245792269706726 0
0.5796833634376526 0
0.7040189504623413 0
0.6767061352729797 0
0.6358564496040344 0
0.6438718438148499 0
0.7963171005249023 0
0.6324615478515625 0
0.670491099357605 0
0.7424067258834839 0
0.7186245322227478 0
0.651264488697052 0
0.5795549154281616 0
0.6018085479736328 0
0.7912924289703369 0
0.7923296093940735 0
0.8665173649787903 0
0.8886418342590332 0
0.9039795994758606 0
0.8315380811691284 0
0.8253101110458374 0
0.8183688521385193 0
0.8749192357063293 0
0.8663535118103027 0
0.8310884237289429 0
0.8677052855491638 0
0.8620742559432983 0
0.8572050929069519 0
0.861113965511322 0
0.8621952533721924 0
0.749921441078186 0
0.8124900460243225 0
0.7631135582923889 0
0.6764796376228333 0
0.8490899205207825 0
0.8161534070968628 0
0.8789501190185547 0
0.9013450741767883 0
0.8675930500030518 0
0.901266872882843 0
0.8139932751655579 0
0.8923557996749878 0
0.7932794094085693 0
0.8167138695716858 0
0.9010831713676453 1
0.868114173412323 1
0.8309903740882874 1
0.9246451258659363 1
0.8654309511184692 1
0.8270413875579834 1
0.9356827139854431 1
0.9481565952301025 1
0.9558489322662354 1
0.8959406018257141 1
0.9047685861587524 1
0.8620941042900085 1
0.9109660983085632 1
0.9287621974945068 1
0.9104504585266113 1
0.904601514339447 1
0.9386431574821472 1
0.9491880536079407 1
0.9296647906303406 1
0.9490934014320374 1
0.8479286432266235 1
0.8810940980911255 1
0.9414034485816956 1
0.8029452562332153 1
0.845697283744812 1
0.8562344312667847 1
0.9601146578788757 1
0.9352675676345825 1
0.9479255080223083 1
0.8820280432701111 1
0.9999999403953552 1
0.7631290555000305 1
0.9071098566055298 1
0.9235403537750244 1
0.9100930094718933 1
0.9442935585975647 1
0.8528083562850952 1
0.8375285267829895 1
0.8324278593063354 1
0.8587616086006165 1
0.9137442111968994 1
0.8853508830070496 1
0.8994727730751038 1
0.5629550814628601 0
0.6545445322990417 0
0.5250458121299744 0
0.34869202971458435 0
0.21050821244716644 0
0.5097306370735168 0
0.3622536063194275 0
0.41055387258529663 0
0.1756187081336975 0
0.4168633818626404 0
0.5279868841171265 0
0.43520841002464294 0
0.4340114891529083 0
0.4017711877822876 0
0.23082999885082245 0
0.2885984480381012 0
0.24855826795101166 0
0.3080277740955353 0
0.13182486593723297 0
0.3338446319103241 0
0.10405504703521729 0
0.31124377250671387 0
0.12193360924720764 0
0.23770517110824585 0
0.2338782399892807 0
0.16901522874832153 0
0.23877471685409546 0
0.1997886300086975 0
0.2773095667362213 0
0.7647407650947571 0
0.6090165376663208 0
0.8035897612571716 0
0.639574408531189 0
0.6068454384803772 0
0.7298311591148376 0
0.5147282481193542 0
0.6235451698303223 0
0.8174142241477966 0
0.8256163001060486 0
0.546025812625885 0
0.6592822670936584 0
0.6124352812767029 0
0.7667544484138489 0
0.393108069896698 0
0.7871715426445007 0
0.720886766910553 0
0.7442744374275208 0
0.7022820711135864 0
0.7924880981445312 0
0.5149765610694885 0
0.6644107103347778 0
0.6823830008506775 0
0.6383756995201111 0
0.6521112322807312 0
0.6839374303817749 0
0.7957889437675476 0
0.6094918251037598 0
0.7746878266334534 0
0.7772164940834045 0
0.6221442818641663 0
0.7373051643371582 0
0.7550091743469238 0
0.7648211717605591 0
0.6029657125473022 0
0.5894572734832764 0
0.592913806438446 0
0.7717239856719971 0
0.8482493758201599 0
0.6379198431968689 0
0.7135829329490662 0
0.6150821447372437 0
0.7010952830314636 0
0.6882824897766113 0
0.6492635607719421 0
0.6729292869567871 0
0.7892255187034607 0
0.7422006726264954 0
0.7949639558792114 0
0.7455032467842102 0
0.7783871293067932 0
0.6732969284057617 0
0.6310081481933594 0
0.7102336883544922 0
0.8106326460838318 0
0.6800734400749207 0
0.7439201474189758 0
0.6680424213409424 0
0.7307962775230408 0
0.7652738690376282 0
0.6877883076667786 0
0.6296058297157288 0
0.6695714592933655 0
0.5697149038314819 0
0.6665904521942139 0
0.8059612512588501 0
0.6298564076423645 0
0.656356155872345 0
0.6926624774932861 0
0.6224806904792786 0
0.7067157626152039 0
0.6802226901054382 0
0.6347410678863525 0
0.7717127799987793 0
0.6368822455406189 0
0.6579619646072388 0
0.5362274050712585 0
0.6706054210662842 0
0.7469702959060669 0
0.6056958436965942 0
0.7812681794166565 0
0.5183579325675964 0
0.61951744556427 0
0.5340800881385803 0
0.3092840909957886 0
0.42373594641685486 0
0.32943832874298096 0
0.3233175277709961 0
0.29801616072654724 0
0.2704296112060547 0
0.29115399718284607 0
0.3449937701225281 0
0.33368873596191406 0
0.4064469635486603 0
0.32200855016708374 0
0.2963753342628479 0
0.28423622250556946 0
0.31740549206733704 0
0.31498533487319946 0
0.3624417185783386 0
0.3144870698451996 0
0.4464876055717468 0
0.35800859332084656 0
0.30922889709472656 0
0.3230857253074646 0
0.43825000524520874 0
0.301622599363327 0
0.35377001762390137 0
0.38121581077575684 0
0.28463035821914673 0
0.38489311933517456 0
0.35420405864715576 0
0.44398581981658936 0
0.30663222074508667 0
0.3979923725128174 0
0.5101830363273621 0
0.4892933964729309 0
0.1982203722000122 0
0.4392757713794708 0
0.3424524962902069 0
0.38844016194343567 0
0.37104350328445435 0
0.36935654282569885 0
0.31005236506462097 0
0.42680156230926514 0
0.3368914723396301 0
0.09139984846115112 0
0.4449792206287384 0
0.2956610321998596 0
0.41033297777175903 0
0.28288206458091736 0
0.39148664474487305 0
0.3245012164115906 0
0.438500314950943 0
0.4286944568157196 0
0.4376336932182312 0
0.5851017236709595 0
0.32328808307647705 0
0.40369105339050293 0
0.3134342133998871 0
0.2820896804332733 0
0.3374937176704407 0
0.4331028461456299 0
0.40608206391334534 0
0.36864763498306274 0
0.28081387281417847 0
0.3728477358818054 0
0.4915943443775177 0
0.3456744849681854 0
0.4466607868671417 0
0.3598487675189972 0
0.46487361192703247 0
0.4008233845233917 0
0.33874696493148804 0
0.19419735670089722 0
0.3521605134010315 0
0.3126988708972931 0
0.8839406371116638 1
0.9145183563232422 1
0.9366028308868408 1
0.8945446610450745 1
0.9451573491096497 1
0.9358476996421814 1
0.8362926244735718 1
0.8785364627838135 1
0.9394099712371826 1
0.9465908408164978 1
0.9563923478126526 1
0.9579424858093262 1
0.8669483661651611 1
0.8618276119232178 1
0.7346429228782654 1
0.7742769718170166 1
0.7256666421890259 1
0.6648803353309631 1
0.585343599319458 1
0.6058459281921387 1
0.7137877941131592 1
0.7188547253608704 1
0.6951322555541992 1
0.6580305695533752 1
0.7208287119865417 1
0.6762804388999939 1
0.571785032749176 1
0.5699934363365173 1
0.6513649821281433 1
0.06970588117837906 0
0.14489801228046417 0
0.04753417521715164 0
0.09026418626308441 0
0.12881441414356232 0
0.10587907582521439 0
0.11980867385864258 0
0.1559092253446579 0
0.1578524261713028 0
0.12232564389705658 0
0.10955987870693207 0
0.14522168040275574 0
0.04270164296030998 0
0.06957430392503738 0
0.1297445297241211 0
0.18988773226737976 0
0.06713162362575531 0
0.1322028636932373 0
0.07830560207366943 0
0.1113421693444252 0
-0.02365976572036743 0
0.1024106815457344 0
0.1283348649740219 0
0.04414669796824455 0
0.060787901282310486 0
0.081231489777565 0
0.05368940159678459 0
0.019525667652487755 0
0.1925942450761795 0
0.021487180143594742 0
0.17100602388381958 0
0.2022170126438141 0
0.134067565202713 0
0.10900500416755676 0
0.3587757647037506 0
0.2013501077890396 0
0.018690355122089386 0
0.030030129477381706 0
0.04449242725968361 0
0.0387241467833519 0
0.15895938873291016 0
0.0031364948954433203 0
0.46757972240448 0
0.48357757925987244 0
0.5701929926872253 0
0.49545666575431824 0
0.3296754062175751 0
0.42877671122550964 0
0.3969494104385376 0
0.4906211495399475 0
0.37155473232269287 0
0.430238276720047 0
0.5126475095748901 0
0.3936380445957184 0
0.3989865481853485 0
0.4544594883918762 0
0.5719383955001831 0
0.3501701354980469 0
0.4633457660675049 0
0.5520264506340027 0
0.4404129981994629 0
0.43437543511390686 0
0.4879903793334961 0
0.4453209936618805 0
0.4159066081047058 0
0.4969879686832428 0
0.3689504861831665 0
0.41124093532562256 0
0.580726683139801 0
0.5013851523399353 0
0.5538188815116882 0
0.4816746413707733 0
0.37692564725875854 0
0.6235829591751099 0
0.4737120568752289 0
0.3053513467311859 0
0.44718989729881287 0
0.4295963943004608 0
0.47155240178108215 0
0.2925817668437958 0
0.42693236470222473 0
0.41961681842803955 0
0.6195823550224304 0
0.429415225982666 0
0.23495347797870636 0
0.2324187159538269 0
0.27518361806869507 0
0.1795922964811325 0
0.317791610956192 0
0.15895242989063263 0
0.1811768263578415 0
0.1992528736591339 0
0.26702120900154114 0
0.23345038294792175 0
0.267863005399704 0
0.1301734745502472 0
0.19138795137405396 0
0.2651539146900177 0
0.3045584261417389 0
0.18362239003181458 0
0.2441609501838684 0
0.2743065357208252 0
0.06332944333553314 0
0.27018672227859497 0
0.3105200231075287 0
0.23067717254161835 0
0.1902630478143692 0
0.24608434736728668 0
0.20565755665302277 0
0.2578534185886383 0
0.23425641655921936 0
0.1428108662366867 0
0.2666015326976776 0
0.2253180891275406 0
0.2910997271537781 0
0.2542087733745575 0
0.31211552023887634 0
0.4116695821285248 0
0.12242554873228073 0
0.2675347626209259 0
0.3239623010158539 0
0.2738300561904907 0
0.22602912783622742 0
0.30413126945495605 0
0.2989460527896881 0
0.2043321281671524 0
0.19792985916137695 0
0.1540970504283905 0
0.1408657282590866 0
0.22643981873989105 0
0.2412191480398178 0
0.338469535112381 0
0.2776547968387604 0
0.21558554470539093 0
0.24386820197105408 0
0.2554605305194855 0
0.23023533821105957 0
0.25566592812538147 0
0.33542171120643616 0
0.20161466300487518 0
0.30984240770339966 0
0.2995713949203491 0
0.24123230576515198 0
0.3307681083679199 0
0.24829326570034027 0
0.37232324481010437 0
0.2782582640647888 0
0.28283101320266724 0
0.12286970019340515 0
0.2727217972278595 0
0.2970801591873169 0
0.21937093138694763 0
0.2467842549085617 0
0.2476060539484024 0
0.17176122963428497 0
0.16484136879444122 0
0.557350218296051 1
0.6081177592277527 1
0.75445157289505 1
0.6591430306434631 1
0.7734644412994385 1
0.6047989726066589 1
0.5712782144546509 1
0.7101682424545288 1
0.5891871452331543 1
0.6705743074417114 1
0.7179109454154968 1
0.7489891648292542 1
0.6825340390205383 1
0.5992223620414734 1
0.544109582901001 1
0.7980244159698486 1
0.8281358480453491 1
0.9318973422050476 1
0.8520286679267883 1
0.8899330496788025 1
0.9284501075744629 1
0.9037449359893799 1
0.936439037322998 1
0.9120485186576843 1
0.8383100032806396 1
0.9155997037887573 1
0.8911117315292358 1
0.9045829772949219 1
0.9182347059249878 1
0.026338497176766396 0
