0.8848766088485718 1
0.9069033265113831 1
0.9512596726417542 1
0.9025115370750427 1
0.8408690690994263 1
0.8603989481925964 1
0.9536278247833252 1
0.841286838054657 1
0.960609495639801 1
0.9273284673690796 1
0.8456289768218994 1
0.9630104899406433 1
0.942971408367157 1
0.8807451128959656 1
0.9299128651618958 1
0.8472071886062622 1
0.9198307394981384 1
0.9556210041046143 1
0.8990088105201721 1
0.9264318943023682 1
0.8654962182044983 1
0.9279884099960327 1
0.9369255900382996 1
0.9485575556755066 1
0.8876671195030212 1
0.9343219995498657 1
0.9405814409255981 1
0.9198733568191528 1
0.8952760696411133 1
0.9131444692611694 1
0.9432165622711182 1
0.9461596608161926 1
0.9550412893295288 1
0.957813024520874 1
0.9218612313270569 1
0.912632167339325 1
0.9480009078979492 1
0.910023033618927 1
0.9317722320556641 1
0.8192818760871887 1
0.9127727746963501 1
0.9120208621025085 1
0.5494263172149658 0
0.5825461745262146 0
0.572097897529602 0
0.5196652412414551 0
0.473152220249176 0
0.5792757272720337 0
0.6486239433288574 0
0.6825312376022339 0
0.6379127502441406 0
0.5836631655693054 0
0.644060492515564 0
0.6331790089607239 0
0.6260972023010254 0
0.6355331540107727 0
0.6327896118164062 0
0.5800385475158691 0
0.6599224209785461 0
0.7143909931182861 0
0.6847392916679382 0
0.5886393189430237 0
0.6623978614807129 0
0.807266354560852 0
0.5299842357635498 0
0.5462883114814758 0
0.6652231216430664 0
0.6818144917488098 0
0.5658389925956726 0
0.5697263479232788 0
0.620243489742279 0
0.7547639608383179 0
0.6534790396690369 0
0.6792474985122681 0
0.6141442060470581 0
0.7382441163063049 0
0.5013395547866821 0
0.7373316884040833 0
0.6685675382614136 0
0.6176317930221558 0
0.6836782097816467 0
0.5345816016197205 0
0.6283109784126282 0
0.5154724717140198 0
0.6649148464202881 0
0.6277602314949036 0
0.7395322918891907 0
0.5982646346092224 0
0.7208279371261597 0
0.7303419709205627 0
0.672654390335083 0
0.7270838022232056 0
0.7573550343513489 0
0.7561312317848206 0
0.6697351932525635 0
0.6312714219093323 0
0.7270506620407104 0
0.7697188258171082 0
0.7337541580200195 0
0.7451122999191284 0
0.7679541707038879 0
0.6754132509231567 0
0.6518966555595398 0
0.5985134840011597 0
0.7311850190162659 0
0.6268093585968018 0
0.6849010586738586 0
0.52643883228302 0
0.6708435416221619 0
0.6885920763015747 0
0.7531412839889526 0
0.7801079750061035 0
0.6653794646263123 0
0.6855472326278687 0
0.7128915190696716 0
0.7141584753990173 0
0.7778196930885315 0
0.8258689641952515 0
0.7745117545127869 0
0.777573823928833 0
0.7594104409217834 0
0.6469346284866333 0
0.8192461729049683 0
0.8046795725822449 0
0.748136043548584 0
0.8230772614479065 0
0.7258555293083191 0
0.6930488348007202 0
0.7854526042938232 0
0.8212257623672485 0
0.7628882527351379 0
0.7934854626655579 0
0.8132491111755371 0
0.768424928188324 0
0.8624294400215149 0
0.7145327925682068 0
0.586345911026001 0
0.8694327473640442 0
0.7600311636924744 0
0.7247219681739807 0
0.7720123529434204 0
0.8267084956169128 0
0.774224579334259 0
0.7025901675224304 0
0.7166557908058167 0
0.8156222105026245 0
0.7335163354873657 0
0.8259065747261047 0
0.7435236573219299 0
0.6011034250259399 0
0.7100816965103149 0
0.6612749695777893 0
0.8264238238334656 0
0.7368273735046387 0
0.7049492597579956 0
0.7999261617660522 0
0.16611506044864655 0
0.2668613791465759 0
0.24980516731739044 0
0.12384998798370361 0
0.17365893721580505 0
0.21908873319625854 0
0.03755206987261772 0
0.14348122477531433 0
0.17408157885074615 0
-0.05906252562999725 0
0.1636883169412613 0
0.24216212332248688 0
0.17857725918293 0
0.1817227452993393 0
0.08411886543035507 0
0.11331702023744583 0
0.16495545208454132 0
0.1890774369239807 0
0.07078544050455093 0
0.13769398629665375 0
0.07708036154508591 0
0.12348482012748718 0
0.11775936931371689 0
0.10914183408021927 0
0.1304876208305359 0
0.09910345822572708 0
0.08439953625202179 0
0.21924391388893127 0
0.10886167734861374 0
0.9190176129341125 1
0.9705755114555359 1
0.8532110452651978 1
0.9489490985870361 1
0.9343559145927429 1
0.857542097568512 1
0.9037227630615234 1
0.7564306855201721 1
0.9108561277389526 1
0.9533309936523438 1
0.8302344083786011 1
0.9512760639190674 1
0.953902542591095 1
0.9592984318733215 1
0.9088779091835022 1
0.9504334926605225 1
0.9077978134155273 1
0.8645234704017639 1
0.8405883312225342 1
0.8220190405845642 1
0.8836839199066162 1
0.9496367573738098 1
0.9487050175666809 1
0.9136776328086853 1
0.8890648484230042 1
0.9268686771392822 1
0.8436613082885742 1
0.931788980960846 1
0.8820898532867432 1
0.9087069630622864 1
0.9246159791946411 1
0.831421971321106 1
0.9463322162628174 1
0.913232147693634 1
0.9128441214561462 1
0.9557867646217346 1
0.8568777441978455 1
0.9237470626831055 1
0.9115102887153625 1
0.9482301473617554 1
0.9036338329315186 1
0.9171245098114014 1
0.9438475966453552 1
0.574353814125061 0
0.5096561312675476 0
0.7609403729438782 0
0.6976249814033508 0
0.6593188047409058 0
0.6580513119697571 0
0.47720399498939514 0
0.5491294264793396 0
0.6592437624931335 0
0.595605731010437 0
0.6204404234886169 0
0.7326931953430176 0
0.6623801589012146 0
0.7194172739982605 0
0.6832798719406128 0
0.6728248000144958 0
0.6836544871330261 0
0.7230983376502991 0
0.46513962745666504 0
0.6844442486763 0
0.6566905379295349 0
0.6745602488517761 0
0.6787351965904236 0
0.5341374278068542 0
0.589759111404419 0
0.6042963266372681 0
0.6218187212944031 0
0.4840678572654724 0
0.4859590232372284 0
0.6463608741760254 0
0.6607056260108948 0
0.6294140219688416 0
0.6306214928627014 0
0.6287229061126709 0
0.6730269193649292 0
0.7078870534896851 0
0.6880875825881958 0
0.5935045480728149 0
0.7090494632720947 0
0.6335866451263428 0
0.5266582369804382 0
0.7388691902160645 0
0.7012526392936707 0
0.7802230715751648 0
0.7385761141777039 0
0.6900548338890076 0
0.632742702960968 0
0.7394489049911499 0
0.6952438354492188 0
0.55036461353302 0
0.6114694476127625 0
0.5930345058441162 0
0.704943835735321 0
0.7870863676071167 0
0.6340416073799133 0
0.6771835684776306 0
0.6352807283401489 0
0.7578445672988892 0
0.698133647441864 0
0.6765641570091248 0
0.606749951839447 0
0.6895099878311157 0
0.7109588384628296 0
0.61617511510849 0
0.7217721939086914 0
0.5687009692192078 0
0.6598600745201111 0
0.7480583190917969 0
0.65898597240448 0
0.6698850393295288 0
0.6399020552635193 0
0.4862053096294403 0
0.7579159736633301 0
0.7390261888504028 0
0.8013710379600525 0
0.8130967020988464 0
0.8101316690444946 0
0.6911299824714661 0
0.679400622844696 0
0.8147388696670532 0
0.7767287492752075 0
0.8323028683662415 0
0.7326876521110535 0
0.5912185311317444 0
0.8183733224868774 0
0.7809581160545349 0
0.6678385138511658 0
0.8412944674491882 0
0.6830809116363525 0
0.6948010325431824 0
0.5979987978935242 0
0.8175203204154968 0
0.8118532299995422 0
0.7964596152305603 0
0.8532464504241943 0
0.7829731702804565 0
0.7146803140640259 0
0.7122690677642822 0
0.69981849193573 0
0.8295748233795166 0
0.8063914179801941 0
0.8186507225036621 0
0.8441727161407471 0
0.7085418105125427 0
0.8386859893798828 0
0.8083226084709167 0
0.6854041814804077 0
0.8496943712234497 0
0.857756495475769 0
0.6389037370681763 0
0.7025796175003052 0
0.8200645446777344 0
0.783056914806366 0
0.8623052835464478 0
0.14427365362644196 0
0.17966431379318237 0
0.10242938250303268 0
0.251553475856781 0
0.0631679967045784 0
0.29014065861701965 0
0.32849106192588806 0
0.22878971695899963 0
0.16026733815670013 0
0.18702435493469238 0
0.22625474631786346 0
0.15461814403533936 0
0.09416615962982178 0
0.21983952820301056 0
0.17092861235141754 0
0.17679747939109802 0
0.17951174080371857 0
0.07613702863454819 0
0.07874402403831482 0
0.10792618989944458 0
0.1216692328453064 0
0.2100866138935089 0
0.1514812707901001 0
0.18100857734680176 0
0.07789309322834015 0
0.10970725119113922 0
0.13942328095436096 0
0.07233965396881104 0
0.03912731632590294 0
0.9036444425582886 1
0.8857057690620422 1
0.9320248961448669 1
0.8863821625709534 1
0.8257980346679688 1
0.8970138430595398 1
0.8948183655738831 1
0.9493108987808228 1
0.8594967126846313 1
0.9490889310836792 1
0.9383884072303772 1
0.9135910868644714 1
0.9018641710281372 1
0.9415538311004639 1
0.8568444848060608 1
0.8661807179450989 1
0.9269096851348877 1
0.9672423005104065 1
0.8731637001037598 1
0.9444782137870789 1
0.9430767297744751 1
0.9415549039840698 1
0.905134916305542 1
0.8769518136978149 1
0.9084662795066833 1
0.9301841259002686 1
0.873860239982605 1
0.9438150525093079 1
0.9765721559524536 1
0.9030466675758362 1
0.9254757761955261 1
0.8472275733947754 1
0.8761115670204163 1
0.8609095811843872 1
0.8944302797317505 1
0.9175589680671692 1
0.8673524260520935 1
0.9005213975906372 1
0.9410851001739502 1
0.920138955116272 1
0.9390678405761719 1
0.932514488697052 1
0.5104090571403503 0
0.7208485007286072 0
0.5766873955726624 0
0.5403469204902649 0
0.7007277607917786 0
0.7305033802986145 0
0.5979625582695007 0
0.627839207649231 0
0.6195510625839233 0
0.6341584324836731 0
0.9032168388366699 1
0.874104917049408 1
0.8893877863883972 1
0.8068993091583252 1
0.9388357996940613 1
0.8070501685142517 1
0.8955765962600708 1
0.8889819979667664 1
0.8631739616394043 1
0.8683310747146606 1
0.914294421672821 1
0.9285180568695068 1
0.8633046746253967 1
0.9220741987228394 1
0.8665988445281982 1
0.8442108035087585 1
0.8088669180870056 1
0.9119359254837036 1
0.8828189969062805 1
0.8610665798187256 1
0.8419087529182434 1
0.9365741610527039 1
0.9287217855453491 1
0.8416268825531006 1
0.8379350304603577 1
0.8545938730239868 1
0.8692305088043213 1
0.9117830395698547 1
0.7928121089935303 1
0.8926406502723694 1
0.9188477396965027 1
0.806824803352356 1
0.6213856935501099 0
0.7030845880508423 0
0.6566780805587769 0
0.7463424801826477 0
0.6871379613876343 0
0.6849397420883179 0
0.6660609245300293 0
0.6435378193855286 0
0.6191912293434143 0
0.7458004355430603 0
0.6649635434150696 0
0.6505450010299683 0
0.5847110152244568 0
0.6260644793510437 0
0.6695699095726013 0
0.704822301864624 0
0.6879450082778931 0
0.6055763363838196 0
0.5435804128646851 0
0.5131840109825134 0
0.5558903217315674 0
0.722255527973175 0
0.7718016505241394 0
0.6279175877571106 0
0.6258934736251831 0
0.6895535588264465 0
0.643383800983429 0
0.7629608511924744 0
0.6503163576126099 0
0.6515429615974426 0
0.7306857705116272 0
0.8953779935836792 0
0.7995571494102478 0
0.8427621126174927 0
0.7326120138168335 0
0.8127425909042358 0
0.8243536353111267 0
0.6733754277229309 0
0.8205378651618958 0
0.8062995076179504 0
0.7567445039749146 0
0.8344135284423828 0
0.6979854106903076 0
0.6464551091194153 0
0.7247799038887024 0
0.7262685894966125 0
0.8036754131317139 0
0.734660804271698 0
0.805289626121521 0
0.8590608239173889 0
0.780726969242096 0
0.841245710849762 0
0.8189966082572937 0
0.8090256452560425 0
0.8288075923919678 0
0.811857283115387 0
0.7679758667945862 0
0.7580438852310181 0
0.7393743395805359 0
0.740323007106781 0
0.8231610655784607 0
0.8569715619087219 0
0.6775655150413513 0
0.7642154097557068 0
0.7215282320976257 0
0.7750759124755859 0
0.7288780212402344 0
0.7859249114990234 0
0.9052338600158691 0
0.8648352026939392 0
0.7655118703842163 0
0.7694593071937561 0
0.6241745352745056 0
0.4438973665237427 0
0.44444939494132996 0
0.38350486755371094 0
0.4468359053134918 0
0.3417607247829437 0
0.422211229801178 0
0.3260743319988251 0
0.4593673050403595 0
0.3323701322078705 0
0.3355447053909302 0
0.38315513730049133 0
0.2587052285671234 0
0.4678937494754791 0
0.43017634749412537 0
0.32295987010002136 0
0.2747291624546051 0
0.25263711810112 0
0.3611939251422882 0
0.4084656834602356 0
0.2757726311683655 0
0.23457670211791992 0
0.13449950516223907 0
0.2946260869503021 0
0.23533834517002106 0
0.2770269215106964 0
0.28145986795425415 0
0.25574421882629395 0
0.2643785774707794 0
0.24803246557712555 0
0.5643269419670105 0
0.6396496295928955 0
0.5564929842948914 0
0.6038341522216797 0
0.4906640350818634 0
0.6852824687957764 0
0.6846025586128235 0
0.6052548289299011 0
0.7438679933547974 0
0.6582061648368835 0
0.5301524996757507 0
0.6242929100990295 0
0.48797857761383057 0
0.5702108144760132 0
0.493632972240448 0
0.6367412209510803 0
0.6744194030761719 0
0.6501972079277039 0
0.7568425536155701 0
0.4836186170578003 0
0.5907344222068787 0
0.5635352730751038 0
0.5987312197685242 0
0.5563976764678955 0
0.5894991159439087 0
0.634867250919342 0
0.7511758804321289 0
0.5890440940856934 0
0.6609659790992737 0
0.608103334903717 0
0.6497935056686401 0
0.6754547953605652 0
0.5963729619979858 0
0.6457933187484741 0
0.536868691444397 0
0.680204451084137 0
0.6397945880889893 0
0.6630459427833557 0
0.7529293298721313 0
0.620988130569458 0
0.5949158072471619 0
0.508298933506012 0
0.8769447803497314 1
0.862153947353363 1
0.7695714831352234 1
0.8313159942626953 1
0.8568353056907654 1
0.9035570025444031 1
0.936194658279419 1
0.9489524960517883 1
0.9111218452453613 1
0.854271411895752 1
0.8643255233764648 1
0.7831846475601196 1
0.8285165429115295 1
0.9116340279579163 1
0.7779922485351562 1
0.8017492294311523 1
0.8439823389053345 1
0.9472692608833313 1
0.7278710603713989 1
0.9483174085617065 1
0.9199283123016357 1
0.8726643919944763 1
0.8766623139381409 1
0.9262863397598267 1
0.7958793044090271 1
0.8336102366447449 1
0.8501695394515991 1
0.9274882078170776 1
0.7380518913269043 1
0.8180912733078003 1
0.8798926472663879 1
0.866826593875885 1
0.8929407596588135 1
0.837529182434082 1
0.8673802614212036 1
0.9062981605529785 1
0.7789761424064636 1
0.817786455154419 1
0.9201301336288452 1
0.9155657291412354 1
0.8814230561256409 1
0.8656461834907532 1
0.76313316822052 0
0.6591246724128723 0
0.6731324195861816 0
0.7486258745193481 0
0.73018479347229 0
0.6885511875152588 0
0.5944338440895081 0
0.653894305229187 0
0.6998808979988098 0
0.6918157935142517 0
0.7341455221176147 0
0.6739212870597839 0
0.6601884365081787 0
0.7350612878799438 0
0.7396404147148132 0
0.7977147698402405 0
0.7647500038146973 0
0.6194639801979065 0
0.6669676899909973 0
0.6452836394309998 0
0.7732650637626648 0
0.6752263903617859 0
0.7106861472129822 0
0.6647565364837646 0
0.7244224548339844 0
0.743096649646759 0
0.7381188273429871 0
0.608478844165802 0
0.5384281277656555 0
0.52121502161026 0
0.8641138672828674 0
0.8607106804847717 0
0.8969955444335938 0
0.7058074474334717 0
0.7410122752189636 0
0.7809877395629883 0
0.7823935747146606 0
0.7213242650032043 0
0.810075581073761 0
0.8086262345314026 0
0.7497648596763611 0
0.8212771415710449 0
0.7367435097694397 0
0.786564826965332 0
0.6652302145957947 0
0.6868492364883423 0
0.7384222149848938 0
0.6933073401451111 0
0.8168789148330688 0
0.6398516297340393 0
0.6778721809387207 0
0.5806183218955994 0
0.7752317786216736 0
0.7328222990036011 0
0.7820495963096619 0
0.7989773750305176 0
0.6737425923347473 0
0.8770681023597717 0
0.6858566999435425 0
0.7331463694572449 0
0.8764325380325317 0
0.7188434600830078 0
0.7257528901100159 0
0.6040558815002441 0
0.8016707301139832 0
0.6840561032295227 0
0.6517972350120544 0
0.7245040535926819 0
0.7942001223564148 0
0.8010307550430298 0
0.7234779596328735 0
0.6631625890731812 0
0.7475201487541199 0
0.23442918062210083 0
0.3764900863170624 0
0.4795485734939575 0
0.3095439374446869 0
0.3813481032848358 0
0.47459477186203003 0
0.31828585267066956 0
0.4720841944217682 0
0.3439807593822479 0
0.5064705610275269 0
0.33124497532844543 0
0.47374963760375977 0
0.3024693727493286 0
0.4439330995082855 0
0.2638520300388336 0
0.3459724187850952 0
0.2920261025428772 0
0.40968337655067444 0
0.2781161069869995 0
0.10267270356416702 0
0.3533766269683838 0
0.3463773727416992 0
0.2427242398262024 0
0.2659665644168854 0
0.3991090953350067 0
0.3853183090686798 0
0.32852768898010254 0
0.25839388370513916 0
0.32751235365867615 0
0.569907546043396 0
0.6001753807067871 0
0.6989024877548218 0
0.5886095762252808 0
0.604560375213623 0
0.5977123975753784 0
0.6600037217140198 0
0.584314227104187 0
0.6590707302093506 0
0.6433899998664856 0
0.6772280335426331 0
0.48117780685424805 0
0.5342673659324646 0
0.5567595362663269 0
0.47273439168930054 0
0.7430897951126099 0
0.6722456812858582 0
0.753650963306427 0
0.7487028241157532 0
0.661435604095459 0
0.7086967825889587 0
0.7047138810157776 0
0.7186436653137207 0
0.5928356647491455 0
0.6679554581642151 0
0.6014275550842285 0
0.7656551003456116 0
0.5992937088012695 0
0.6512082815170288 0
0.7098178267478943 0
0.5685267448425293 0
0.6583461165428162 0
0.6958178281784058 0
0.6064759492874146 0
0.46195343136787415 0
0.6579605937004089 0
0.6931819319725037 0
0.7383506298065186 0
0.6627613306045532 0
0.6933910846710205 0
0.6682570576667786 0
0.5235500335693359 0
0.8984889984130859 1
0.8833255767822266 1
0.8088224530220032 1
0.8740139603614807 1
0.8388179540634155 1
0.8799983263015747 1
0.8891504406929016 1
0.8912579417228699 1
0.8972435593605042 1
0.8788226842880249 1
0.778911828994751 1
0.9048231840133667 1
0.8786877393722534 1
0.8128233551979065 1
0.840017557144165 1
0.879345178604126 1
0.844058096408844 1
0.9015116691589355 1
0.845134437084198 1
0.8821624517440796 1
0.89616858959198 1
0.9253382086753845 1
0.7292524576187134 1
0.8976961970329285 1
0.8930400609970093 1
0.8420501947402954 1
0.7910295128822327 1
0.8158162832260132 1
0.9047085046768188 1
0.9315977692604065 1
0.8512100577354431 1
0.8397110104560852 1
0.8651052117347717 1
0.8936489224433899 1
0.8750346899032593 1
0.8650026917457581 1
0.9452764987945557 1
0.8375970721244812 1
0.8534827828407288 1
0.8960353136062622 1
0.8791030049324036 1
0.8963913917541504 1
0.6811948418617249 0
0.5782737731933594 0
0.675237774848938 0
0.6892752051353455 0
0.7221927642822266 0
0.47878947854042053 0
0.6951999664306641 0
0.49432727694511414 0
0.5549490451812744 0
0.7030751705169678 0
0.7013807892799377 0
0.7600009441375732 0
0.7433584332466125 0
0.6298181414604187 0
0.5271573662757874 0
0.9553219676017761 1
0.9524025917053223 1
0.9182167053222656 1
0.8757665753364563 1
0.9372435212135315 1
0.9245848655700684 1
0.9262846112251282 1
0.8862464427947998 1
0.9719802141189575 1
0.9769457578659058 1
0.9291926026344299 1
0.9276989102363586 1
0.9370300769805908 1
0.9523836374282837 1
0.9266828894615173 1
0.7670806050300598 0
0.7471283078193665 0
0.8935122489929199 0
0.9076453447341919 0
0.7702361941337585 0
0.8828824758529663 0
0.8604276776313782 0
0.829917311668396 0
0.7730756998062134 0
0.9079228043556213 0
0.83089280128479 0
0.8435783982276917 0
0.888879656791687 0
0.885466992855072 0
0.8984371423721313 0
0.9082545638084412 0
0.829208254814148 0
0.8782928586006165 0
0.9180369973182678 0
0.8393308520317078 0
0.8778727054595947 0
0.8739715218544006 0
0.8497368097305298 0
0.8537634015083313 0
0.9170548915863037 0
0.75052809715271 0
0.8258447051048279 0
0.8973166346549988 0
0.7922965884208679 0
0.7289878129959106 0
0.8451593518257141 0
0.644844114780426 0
0.876750111579895 0
0.9091327786445618 0
0.8682802319526672 0
0.8328201770782471 0
0.9089831709861755 0
0.8299946784973145 0
0.7435482740402222 0
0.8160480856895447 0
0.7662030458450317 0
0.8557186722755432 0
0.30711477994918823 0
0.4170798063278198 0
0.41307929158210754 0
0.36792251467704773 0
0.37959086894989014 0
0.3701467216014862 0
0.4916570484638214 0
0.3517059087753296 0
0.3684152662754059 0
0.3433757722377777 0
0.5559789538383484 0
0.41503751277923584 0
0.3633398115634918 0
0.42554771900177 0
0.18874114751815796 0
0.27527400851249695 0
0.23903772234916687 0
0.3328096270561218 0
0.2936088442802429 0
0.3304184377193451 0
0.33848080039024353 0
0.20359238982200623 0
0.24476519227027893 0
0.39413222670555115 0
0.4297572374343872 0
0.38868948817253113 0
0.27181804180145264 0
0.4297841191291809 0
0.31819137930870056 0
0.8108091950416565 0
0.581661581993103 0
0.6496527791023254 0
0.6768001317977905 0
0.6634988188743591 0
0.529649019241333 0
0.5524170994758606 0
0.6714471578598022 0
0.6927162408828735 0
0.6868589520454407 0
0.7362924814224243 0
0.7549355030059814 0
0.769157350063324 0
0.7682116627693176 0
0.5713115334510803 0
0.6265656352043152 0
0.6485437154769897 0
0.7113353610038757 0
0.7427346706390381 0
0.6682604551315308 0
0.7398737072944641 0
0.6213554739952087 0
0.6511752605438232 0
0.7131474614143372 0
0.7703343629837036 0
0.6792861819267273 0
0.6288043260574341 0
0.7469543218612671 0
0.6073866486549377 0
0.6176011562347412 0
0.7648921012878418 0
0.6493536829948425 0
0.5706791281700134 0
0.7289053797721863 0
0.7489166855812073 0
0.7177122235298157 0
0.467548668384552 0
0.5724652409553528 0
0.7472948431968689 0
0.746472954750061 0
0.747501015663147 0
0.6451824307441711 0
0.7917314171791077 0
0.6279330253601074 0
0.5999696850776672 0
0.6909573078155518 0
0.6459109783172607 0
0.6473429799079895 0
0.6402384042739868 0
0.7621430158615112 0
0.6225447654724121 0
0.763224720954895 0
0.7378808856010437 0
0.6636457443237305 0
0.6834017038345337 0
0.5047524571418762 0
0.7004120945930481 0
0.7545320987701416 0
0.6505081057548523 0
0.7313501834869385 0
0.6359254717826843 0
0.6602889895439148 0
0.6952372193336487 0
0.6812359094619751 0
0.7832395434379578 0
0.7006517648696899 0
0.7326986789703369 0
0.4865507185459137 0
0.7276666760444641 0
0.6068726778030396 0
0.5366894006729126 0
0.7699713110923767 0
0.6983115077018738 0
0.7300671339035034 0
0.8411888480186462 0
0.7386119365692139 0
0.7372247576713562 0
0.6872440576553345 0
0.691800594329834 0
0.5713520646095276 0
0.6933889985084534 0
0.7038163542747498 0
0.5241485238075256 0
0.6423757076263428 0
0.6922684907913208 0
0.9391538500785828 1
0.8502150177955627 1
0.8968144655227661 1
0.9556520581245422 1
0.9232980608940125 1
0.9602314829826355 1
0.9614028334617615 1
0.8659190535545349 1
0.9661819338798523 1
0.9538947939872742 1
0.9498315453529358 1
0.8752527832984924 1
0.8793095946311951 1
0.910731852054596 1
0.9692947268486023 1
0.9453747868537903 1
0.9604013562202454 1
0.9487837553024292 1
0.9431270360946655 1
0.9569101929664612 1
0.9325460195541382 1
0.8389751315116882 1
0.9555920958518982 1
0.9201734066009521 1
0.9157693386077881 1
0.9514058232307434 1
0.9237299561500549 1
0.9556748867034912 1
0.9352994561195374 1
0.9752219319343567 1
0.8695483803749084 0
0.7301970720291138 0
0.7241532206535339 0
0.8163450360298157 0
0.8543108701705933 0
0.8952775001525879 0
0.7871466875076294 0
0.7963899970054626 0
0.801317572593689 0
0.8636733889579773 0
0.7003492712974548 0
0.8748482465744019 0
0.7455791234970093 0
0.889552891254425 0
0.8339480757713318 0
0.8563498854637146 0
0.8575562238693237 0
0.7839494943618774 0
0.858101487159729 0
0.8524414300918579 0
0.8623852133750916 0
0.9025973677635193 0
0.8796237111091614 0
0.7747107744216919 0
0.9207900166511536 0
0.8640841245651245 0
0.7523150444030762 0
0.8425251841545105 0
0.8265860080718994 0
0.889162540435791 0
0.9222421646118164 0
0.88724684715271 0
0.8889692425727844 0
0.8251729607582092 0
0.8122355341911316 0
0.7479891180992126 0
0.8825145959854126 0
0.8250205516815186 0
0.8688483238220215 0
0.8373914957046509 0
0.9202303290367126 0
0.7373269200325012 0
0.2781892418861389 0
0.3611780107021332 0
0.45442134141921997 0
0.422997385263443 0
0.4559467136859894 0
0.36232197284698486 0
0.3276464343070984 0
0.3921452462673187 0
0.3489142954349518 0
0.11970365792512894 0
0.4413309395313263 0
0.4474058449268341 0
0.4108838140964508 0
0.4266691505908966 0
0.33822768926620483 0
0.2761954963207245 0
0.31066030263900757 0
0.2803100645542145 0
0.2211814522743225 0
0.37693795561790466 0
0.34604427218437195 0
0.3410757780075073 0
0.4159070551395416 0
0.3143506348133087 0
0.33577826619148254 0
0.3558889627456665 0
0.3137906491756439 0
0.30465564131736755 0
0.36854493618011475 0
0.611853837966919 0
0.585228443145752 0
0.7261086106300354 0
0.6621107459068298 0
0.6661760807037354 0
0.6841316223144531 0
0.7338469624519348 0
0.4559788107872009 0
0.6541930437088013 0
0.5919078588485718 0
0.5545158982276917 0
0.7580122947692871 0
0.5746620297431946 0
0.6286970376968384 0
0.5771194696426392 0
0.6718172430992126 0
0.5709857940673828 0
0.5711076259613037 0
0.6934954524040222 0
0.4869599938392639 0
0.6412431001663208 0
0.8025880455970764 0
0.5843912363052368 0
0.668118953704834 0
0.6693554520606995 0
0.5793612003326416 0
0.5995424389839172 0
0.7335419654846191 0
0.5836220383644104 0
0.6769480109214783 0
0.7064169645309448 0
0.7686330080032349 0
0.7733428478240967 0
0.7625555992126465 0
0.7550455927848816 0
0.7968482971191406 0
0.7168354392051697 0
0.6806201934814453 0
0.7378182411193848 0
0.6930227875709534 0
0.6767966151237488 0
0.7177268862724304 0
0.7754671573638916 0
0.832984209060669 0
0.7682962417602539 0
0.8631904721260071 0
0.7379978895187378 0
0.8035606145858765 0
0.795350968837738 0
0.7155300974845886 0
0.789770781993866 0
0.7778280973434448 0
0.7816154956817627 0
0.835825502872467 0
0.8725523352622986 0
0.7852393984794617 0
0.8302789330482483 0
0.7866324782371521 0
0.8246268033981323 0
0.8454622030258179 0
0.8176364302635193 0
0.6544737219810486 0
0.8473448753356934 0
0.6833768486976624 0
0.7180885076522827 0
0.8006080389022827 0
0.6999281644821167 0
0.862684965133667 0
0.7748978734016418 0
0.6119513511657715 0
0.6555488109588623 0
0.6705549359321594 0
0.7847128510475159 0
0.8061901926994324 0
0.7863320112228394 0
0.7012975811958313 0
0.824752151966095 0
0.8159041404724121 0
0.7847130298614502 0
0.8153920769691467 0
0.764646589756012 0
0.7871499061584473 0
0.7874520421028137 0
0.7708659172058105 0
0.7607514262199402 0
0.8014649152755737 0
0.895796000957489 0
0.9074905514717102 0
0.756688117980957 0
0.6862369775772095 0
0.9033116102218628 0
0.9018951058387756 0
0.8580514192581177 0
0.8699830174446106 0
0.7846266031265259 0
0.8932624459266663 0
0.8633841276168823 0
0.7891388535499573 0
0.9394417405128479 0
0.8566701412200928 0
0.9310399889945984 0
0.8115416765213013 0
0.9149148464202881 0
0.8692463636398315 0
0.9103332161903381 0
0.9448758363723755 0
0.7549442052841187 0
0.8182686567306519 0
0.7549961805343628 0
0.9193263053894043 0
0.8566622138023376 0
0.8626701235771179 0
0.8822075128555298 0
0.8718909025192261 0
0.7612072229385376 0
0.9463603496551514 1
0.9151387214660645 1
0.9440433382987976 1
0.8715556859970093 1
0.958565354347229 1
0.8963156342506409 1
0.9340290427207947 1
0.8183299899101257 1
0.8901381492614746 1
0.8948378562927246 1
0.9006817936897278 1
0.8568094372749329 1
0.9469088912010193 1
0.8970274329185486 1
0.8907098174095154 1
0.9576706290245056 1
0.8914690613746643 1
0.9310879707336426 1
0.8464058637619019 1
0.8533565998077393 1
0.9322860836982727 1
0.8344660997390747 1
0.920320451259613 1
0.8888461589813232 1
0.9429689645767212 1
0.8866959810256958 1
0.8669746518135071 1
0.9396489262580872 1
0.971070408821106 1
0.9075779318809509 1
0.8514274954795837 1
0.781169593334198 1
0.891112208366394 1
0.8893603086471558 1
0.8520811200141907 1
0.9109174609184265 1
0.8747056126594543 1
0.874112069606781 1
0.7553797364234924 1
0.9418365955352783 1
0.8769184947013855 1
0.8426737189292908 1
0.23047886788845062 0
0.24117308855056763 0
0.299031525850296 0
0.4379937946796417 0
0.1490403562784195 0
0.504520833492279 0
0.40858194231987 0
0.2596241533756256 0
0.29119259119033813 0
0.5742621421813965 0
0.32148313522338867 0
0.30795618891716003 0
0.23393070697784424 0
0.5364158153533936 0
0.434897243976593 0
0.3570111393928528 0
0.34780943393707275 0
0.2541307210922241 0
0.3662484586238861 0
0.2695508599281311 0
0.27955883741378784 0
0.3321216404438019 0
0.3931864798069 0
0.39821529388427734 0
0.30311810970306396 0
0.3668600022792816 0
0.2866852581501007 0
0.38635876774787903 0
0.25547248125076294 0
0.7714974880218506 0
0.7286235690116882 0
0.8301029205322266 0
0.7525432109832764 0
0.671400249004364 0
0.6888025999069214 0
0.7162319421768188 0
0.7149251103401184 0
0.8005200624465942 0
0.7687675952911377 0
0.7821171879768372 0
0.7410922646522522 0
0.7719153165817261 0
0.6512162089347839 0
0.7236438989639282 0
0.668979823589325 0
0.7203418612480164 0
0.7176865339279175 0
0.7463682293891907 0
0.8273380994796753 0
0.8580199480056763 0
0.7794198989868164 0
0.7245882749557495 0
0.7167062759399414 0
0.8265730738639832 0
0.719939112663269 0
0.8016940951347351 0
0.7364382743835449 0
0.7277735471725464 0
0.8044239282608032 0
0.8260970711708069 0
0.6909466981887817 0
0.6237210631370544 0
0.521758496761322 0
0.8197327256202698 0
0.6882542967796326 0
0.6858042478561401 0
0.7556445598602295 0
0.775907576084137 0
0.7751741409301758 0
0.780371904373169 0
0.7611357569694519 0
0.7975487112998962 0
0.7907460927963257 0
0.7236790657043457 0
0.7724922895431519 0
0.8011568188667297 0
0.6916967034339905 0
0.8134297728538513 0
0.8409880995750427 0
0.8385197520256042 0
0.851254940032959 0
0.8267773389816284 0
0.6772451996803284 0
0.8469481468200684 0
0.7902779579162598 0
0.748680591583252 0
0.842526912689209 0
0.8100305199623108 0
0.816554069519043 0
0.7194561958312988 0
0.7777979969978333 0
0.7357837557792664 0
0.8337661027908325 0
0.8394923210144043 0
0.8006470203399658 0
0.7264222502708435 0
0.7164788842201233 0
0.878532886505127 0
0.679325520992279 0
0.5031004548072815 0
0.6866241097450256 0
0.6967071294784546 0
0.7887287735939026 0
0.7349374294281006 0
0.7431756258010864 0
0.8263072967529297 0
0.7724979519844055 0
0.7201188206672668 0
0.806614875793457 0
0.729666531085968 0
0.7688989639282227 0
0.6868856549263 0
0.6570718288421631 0
0.7804791927337646 0
0.8450495600700378 0
0.8289142847061157 0
0.820371687412262 0
0.8191218972206116 0
0.8753185868263245 0
0.879130482673645 0
0.7528427839279175 0
0.9044618010520935 0
0.8495794534683228 0
0.8883706331253052 0
0.7556598782539368 0
0.7749566435813904 0
0.9004388451576233 0
0.873164713382721 0
0.879887580871582 0
0.8080950975418091 0
0.8412830829620361 0
0.6979180574417114 0
0.703606903553009 0
0.839301347732544 0
0.8750240802764893 0
0.870945394039154 0
0.8815438747406006 0
0.8653280735015869 0
0.8897825479507446 0
0.7678312659263611 0
0.7994965314865112 0
0.7441231608390808 0
0.8451321721076965 0
0.8815903067588806 1
0.855928361415863 1
0.8546696901321411 1
0.9278560280799866 1
0.8692939877510071 1
0.871795654296875 1
0.9420459866523743 1
0.9263107776641846 1
0.9604558348655701 1
0.8892629146575928 1
0.9537127614021301 1
0.9149927496910095 1
0.931731641292572 1
0.8817294239997864 1
0.9363301396369934 1
0.8946822881698608 1
0.9682323932647705 1
0.9299814105033875 1
0.9257680773735046 1
0.9325137734413147 1
0.8262705206871033 1
0.9195892810821533 1
0.9415867328643799 1
0.9052929282188416 1
0.8674408197402954 1
0.9283744692802429 1
0.9660184383392334 1
0.9417998194694519 1
0.94148188829422 1
0.8773385286331177 1
0.9999998807907104 1
0.8887205123901367 1
0.9008345007896423 1
0.9476930499076843 1
0.9256473779678345 1
0.896639883518219 1
0.9387257695198059 1
0.839008092880249 1
0.9129693508148193 1
0.8766119480133057 1
0.9245625734329224 1
0.9075464606285095 1
0.9087274670600891 1
0.45812469720840454 0
0.5480861067771912 0
0.49188321828842163 0
0.36074063181877136 0
0.33226245641708374 0
0.5723724365234375 0
0.38784512877464294 0
0.4124974310398102 0
0.19902591407299042 0
0.4129728674888611 0
0.4950519800186157 0
0.4092720150947571 0
0.5573505163192749 0
0.45025715231895447 0
0.21041090786457062 0
0.2681897282600403 0
0.20835937559604645 0
0.3872980773448944 0
0.2923232614994049 0
0.3914804458618164 0
0.21373051404953003 0
0.3363305330276489 0
0.2075803130865097 0
0.24448050558567047 0
0.2670740485191345 0
0.3357795178890228 0
0.23846442997455597 0
0.34318113327026367 0
0.3044772446155548 0
0.8283548951148987 0
0.7458074688911438 0
0.8191291093826294 0
0.6374267339706421 0
0.6684226989746094 0
0.808040201663971 0
0.6976968050003052 0
0.7543046474456787 0
0.8983701467514038 0
0.8183059096336365 0
0.698468029499054 0
0.7662534713745117 0
0.6495358347892761 0
0.7817850112915039 0
0.5536999702453613 0
0.8489528894424438 0
0.8266034126281738 0
0.8351802825927734 0
0.767703652381897 0
0.8660210371017456 0
0.7258788347244263 0
0.7629244923591614 0
0.6732619404792786 0
0.6983476877212524 0
0.7114394903182983 0
0.7410919666290283 0
0.8577953577041626 0
0.5574222803115845 0
0.8041130900382996 0
0.7847345471382141 0
0.6790570020675659 0
0.7861431837081909 0
0.82623291015625 0
0.7761369347572327 0
0.6934343576431274 0
0.721491277217865 0
0.7019559741020203 0
0.8049608469009399 0
0.853469967842102 0
0.6231489777565002 0
0.8188428282737732 0
0.754979133605957 0
0.7638884782791138 0
0.72721266746521 0
0.7305656671524048 0
0.7759214043617249 0
0.7061323523521423 0
0.7265970706939697 0
0.8570662140846252 0
0.798265814781189 0
0.8341420292854309 0
0.8498401641845703 0
0.7696443796157837 0
0.8849578499794006 0
0.8838037252426147 0
0.6951268315315247 0
0.7903524041175842 0
0.7491574287414551 0
0.8257497549057007 0
0.7908763885498047 0
0.8291701674461365 0
0.8465648293495178 0
0.8223060965538025 0
0.6860845685005188 0
0.7503272294998169 0
0.8506850600242615 0
0.6913517117500305 0
0.7971108555793762 0
0.6834493279457092 0
0.7867095470428467 0
0.660343587398529 0
0.8345442414283752 0
0.6483775973320007 0
0.6836897730827332 0
0.7265990972518921 0
0.7725438475608826 0
0.706537127494812 0
0.7147732973098755 0
0.7653926014900208 0
0.6719861626625061 0
0.8210725784301758 0
0.296786904335022 0
0.462739497423172 0
0.4723920524120331 0
0.34439191222190857 0
0.4595637619495392 0
0.3182697296142578 0
0.41878610849380493 0
0.3412606418132782 0
0.26501619815826416 0
0.31899622082710266 0
0.4281458854675293 0
0.401125431060791 0
0.36727309226989746 0
0.3517451882362366 0
0.3778056204319 0
0.2299407422542572 0
0.30714693665504456 0
0.2660651206970215 0
0.35011062026023865 0
0.47944703698158264 0
0.4376857876777649 0
0.3877396583557129 0
0.36344411969184875 0
0.40465453267097473 0
0.5206730365753174 0
0.4115835130214691 0
0.42180079221725464 0
0.435892790555954 0
0.29964348673820496 0
0.43792229890823364 0
0.36704540252685547 0
0.4587768018245697 0
0.49800437688827515 0
0.3632848560810089 0
0.5285071134567261 0
0.48587557673454285 0
0.25086361169815063 0
0.38475778698921204 0
0.3829707205295563 0
0.37080052495002747 0
0.3427775800228119 0
0.3661263883113861 0
0.37029725313186646 0
0.4849863350391388 0
0.39513176679611206 0
0.12353228777647018 0
0.300446480512619 0
0.3298315703868866 0
0.37637004256248474 0
0.2873235046863556 0
0.3566645085811615 0
0.36023783683776855 0
0.4474972188472748 0
0.38693585991859436 0
0.4115632474422455 0
0.551510751247406 0
0.38575857877731323 0
0.49479737877845764 0
0.3920140564441681 0
0.31021055579185486 0
0.41986480355262756 0
0.504339337348938 0
0.4527663290500641 0
0.30429109930992126 0
0.3202764093875885 0
0.45807087421417236 0
0.47260379791259766 0
0.47317588329315186 0
0.5515842437744141 0
0.2879675328731537 0
0.44457679986953735 0
0.41425344347953796 0
0.3283112943172455 0
0.28791433572769165 0
0.38712063431739807 0
0.3956354558467865 0
0.8902896046638489 1
0.8823777437210083 1
0.872511625289917 1
0.8376038670539856 1
0.8596808910369873 1
0.8803110718727112 1
0.6550842523574829 1
0.8942039012908936 1
0.891254723072052 1
0.8699707388877869 1
0.9449041485786438 1
0.951950192451477 1
0.7893143892288208 1
0.8414952754974365 1
0.6804078221321106 1
0.7124130725860596 1
0.7644163370132446 1
0.6207852363586426 1
0.7318869233131409 1
0.7580923438072205 1
0.7847692370414734 1
0.7481099367141724 1
0.7915482521057129 1
0.6770675182342529 1
0.7900965213775635 1
0.7613612413406372 1
0.7194133996963501 1
0.7396443486213684 1
0.7867252230644226 1
0.12180955708026886 0
0.18069107830524445 0
0.14697299897670746 0
0.24737966060638428 0
0.20581293106079102 0
0.13985754549503326 0
0.17531654238700867 0
0.24551372230052948 0
0.2141452431678772 0
0.19106082618236542 0
0.19305063784122467 0
0.2127302587032318 0
0.13501015305519104 0
0.1646762192249298 0
0.19799314439296722 0
0.229819655418396 0
0.09313040226697922 0
0.20754128694534302 0
0.1957343965768814 0
0.18792849779129028 0
0.06154173985123634 0
0.20916928350925446 0
0.10033716261386871 0
0.13865827023983002 0
0.08512967079877853 0
0.2356550544500351 0
0.15410885214805603 0
0.17787714302539825 0
0.17179201543331146 0
0.14635206758975983 0
0.26919588446617126 0
0.16049055755138397 0
0.1858479380607605 0
0.14479771256446838 0
0.32239797711372375 0
0.2171718031167984 0
0.002944488311186433 0
0.10451391339302063 0
0.0825715959072113 0
0.18477679789066315 0
0.2532854974269867 0
0.1337662786245346 0
0.2989376485347748 0
0.3199084997177124 0
0.25632932782173157 0
0.3171074092388153 0
0.19547538459300995 0
0.3454706072807312 0
0.2938432991504669 0
0.3777611553668976 0
0.2789282202720642 0
0.33344587683677673 0
0.28954848647117615 0
0.1912396103143692 0
0.24835117161273956 0
0.4321030378341675 0
0.42330142855644226 0
0.3532336950302124 0
0.2540038228034973 0
0.331385999917984 0
0.27841827273368835 0
0.2715233266353607 0
0.2234450727701187 0
0.27284079790115356 0
0.2742995321750641 0
0.38615649938583374 0
0.1773122400045395 0
0.1833314299583435 0
0.39197972416877747 0
0.2827164828777313 0
0.3392188251018524 0
0.3851735293865204 0
0.30865317583084106 0
0.35879549384117126 0
0.35652920603752136 0
0.19276884198188782 0
0.2042592316865921 0
0.2616061568260193 0
0.31471461057662964 0
0.3053426444530487 0
0.38936057686805725 0
0.3841713070869446 0
0.38921189308166504 0
0.32749736309051514 0
0.37197208404541016 0
0.36992165446281433 0
0.32149872183799744 0
0.31619954109191895 0
0.4477776885032654 0
0.21989281475543976 0
0.36574363708496094 0
0.36946165561676025 0
0.3998735845088959 0
0.3882448673248291 0
0.3055460453033447 0
0.32442525029182434 0
0.3781161904335022 0
0.38548555970191956 0
0.3977363705635071 0
0.3675307631492615 0
0.4430871605873108 0
0.3397879898548126 0
0.25828197598457336 0
0.376800537109375 0
0.3484429717063904 0
0.28936126828193665 0
0.31342288851737976 0
0.36480945348739624 0
0.3600391149520874 0
0.3822619915008545 0
0.25475186109542847 0
0.2375066578388214 0
0.299956351518631 0
0.3549555838108063 0
0.3714698553085327 0
0.32124197483062744 0
0.3770211637020111 0
0.4346844255924225 0
0.20675446093082428 0
0.33808377385139465 0
0.3505776524543762 0
0.3037280738353729 0
0.3247635066509247 0
0.33879363536834717 0
0.32939839363098145 0
0.26751628518104553 0
0.24739837646484375 0
0.22204560041427612 0
0.307394415140152 0
0.26805537939071655 0
0.29072660207748413 0
0.3724731206893921 0
0.31924569606781006 0
0.22380870580673218 0
0.2875337302684784 0
0.2364225685596466 0
0.3425666391849518 0
0.33362215757369995 0
0.43300408124923706 0
0.3045993745326996 0
0.37816786766052246 0
0.42680299282073975 0
0.2682044804096222 0
0.37124860286712646 0
0.31468626856803894 0
0.4390559792518616 0
0.315032422542572 0
0.3666034936904907 0
0.21132075786590576 0
0.2330022007226944 0
0.3928641080856323 0
0.22595800459384918 0
0.2692451775074005 0
0.2824016511440277 0
0.25104665756225586 0
0.1543966829776764 0
0.6148305535316467 1
0.7139872908592224 1
0.8154221773147583 1
0.8201035261154175 1
0.831612765789032 1
0.7141252160072327 1
0.7914168238639832 1
0.7853599786758423 1
0.787222683429718 1
0.6023598909378052 1
0.7929850220680237 1
0.8038088083267212 1
0.8018311262130737 1
0.7092016339302063 1
0.5919678211212158 1
0.8923202157020569 1
0.8755178451538086 1
0.9340869188308716 1
0.8456467390060425 1
0.9043558239936829 1
0.9262491464614868 1
0.8919559717178345 1
0.8935083746910095 1
0.9345812201499939 1
0.9005756378173828 1
0.8982642292976379 1
0.864352822303772 1
0.9516438245773315 1
0.9629886150360107 1
0.10476860404014587 0
