0.901915967464447 1
0.9334229230880737 1
0.908054530620575 1
0.9079551696777344 1
0.8049796223640442 1
0.8593315482139587 1
0.9264412522315979 1
0.9195083379745483 1
0.9487191438674927 1
0.8943508863449097 1
0.8442151546478271 1
0.9325895309448242 1
0.9199424982070923 1
0.8537420630455017 1
0.9104796051979065 1
0.8129967451095581 1
0.9216873049736023 1
0.9365995526313782 1
0.9305077791213989 1
0.899235725402832 1
0.9092216491699219 1
0.8968595266342163 1
0.8494269847869873 1
0.9327303767204285 1
0.9382986426353455 1
0.9421753287315369 1
0.951748251914978 1
0.9044092893600464 1
0.85613614320755 1
0.8997982740402222 1
0.8986085057258606 1
0.9287183880805969 1
0.9428454041481018 1
0.9522793889045715 1
0.9284377098083496 1
0.9139617085456848 1
0.935362696647644 1
0.9114104509353638 1
0.9293867349624634 1
0.8881044387817383 1
0.8606581091880798 1
0.8821132779121399 1
0.4553785026073456 0
0.5621477365493774 0
0.517039954662323 0
0.4179133176803589 0
0.4839039146900177 0
0.4576109051704407 0
0.4491823613643646 0
0.6245934367179871 0
0.5362170934677124 0
0.4034484028816223 0
0.44414669275283813 0
0.5655366778373718 0
0.7279348373413086 0
0.6320438385009766 0
0.4108370542526245 0
0.40495362877845764 0
0.5033475756645203 0
0.6172046065330505 0
0.6865636110305786 0
0.4718886613845825 0
0.5352797508239746 0
0.7160698175430298 0
0.5138846635818481 0
0.38563576340675354 0
0.40715256333351135 0
0.5374577045440674 0
0.4156840443611145 0
0.38095638155937195 0
0.4023679494857788 0
0.6667635440826416 0
0.6428351998329163 0
0.6886836290359497 0
0.42820021510124207 0
0.6199880838394165 0
0.3513951301574707 0
0.6256681680679321 0
0.6381707191467285 0
0.4694146513938904 0
0.5872507691383362 0
0.375747412443161 0
0.45471930503845215 0
0.49932146072387695 0
0.5083141922950745 0
0.5084503889083862 0
0.5051424503326416 0
0.40643730759620667 0
0.5183385014533997 0
0.48968207836151123 0
0.6214762330055237 0
0.5292381048202515 0
0.5930806994438171 0
0.6175006628036499 0
0.5284166932106018 0
0.5172610282897949 0
0.5519554615020752 0
0.5543580055236816 0
0.514560341835022 0
0.5607808828353882 0
0.6593322157859802 0
0.6199761629104614 0
0.4937126636505127 0
0.4474048912525177 0
0.5541876554489136 0
0.5072777271270752 0
0.5572434067726135 0
0.35194703936576843 0
0.5121151804924011 0
0.47253352403640747 0
0.4754362404346466 0
0.5854995846748352 0
0.46956905722618103 0
0.48669731616973877 0
0.5981311202049255 0
0.6332716941833496 0
0.7048475742340088 0
0.7697358131408691 0
0.6330183744430542 0
0.6427810192108154 0
0.5963609218597412 0
0.5341585278511047 0
0.6727185249328613 0
0.7440900206565857 0
0.7207610607147217 0
0.688042402267456 0
0.6013272404670715 0
0.38425689935684204 0
0.6804977655410767 0
0.5992889404296875 0
0.6571932435035706 0
0.7617703080177307 0
0.6932550072669983 0
0.5754087567329407 0
0.8068006038665771 0
0.5572384595870972 0
0.48784902691841125 0
0.796082615852356 0
0.5992135405540466 0
0.5629920959472656 0
0.6579558849334717 0
0.6089028120040894 0
0.6269457936286926 0
0.5642537474632263 0
0.5532263517379761 0
0.7789111137390137 0
0.5730934739112854 0
0.7252153754234314 0
0.6555112600326538 0
0.4874703586101532 0
0.6049386858940125 0
0.583871066570282 0
0.6574588418006897 0
0.7012863755226135 0
0.7201077938079834 0
0.7895078659057617 0
0.10707753151655197 0
0.17816497385501862 0
0.11982693523168564 0
0.07338691502809525 0
0.04974430426955223 0
0.11652632057666779 0
-0.008730556815862656 0
0.06412666290998459 0
0.004411914385855198 0
0.09562278538942337 0
0.17775355279445648 0
0.15899331867694855 0
0.0506967194378376 0
0.09755001962184906 0
0.08917763084173203 0
0.1444646716117859 0
0.10573312640190125 0
0.16288268566131592 0
0.09327835589647293 0
0.07309141010046005 0
0.09556664526462555 0
0.18270836770534515 0
0.16555985808372498 0
0.049354638904333115 0
0.06526514142751694 0
0.05475016310811043 0
0.10134522616863251 0
0.08877468854188919 0
0.10972414165735245 0
0.9432502388954163 1
0.9443497657775879 1
0.8630145192146301 1
0.9530321359634399 1
0.9500934481620789 1
0.8580439686775208 1
0.9524833559989929 1
0.7889851331710815 1
0.8986706733703613 1
0.9301163554191589 1
0.8379561901092529 1
0.9123363494873047 1
0.921675980091095 1
0.9644233584403992 1
0.8760713338851929 1
0.9156066179275513 1
0.8681645393371582 1
0.8295790553092957 1
0.8924224972724915 1
0.8838723301887512 1
0.8382328748703003 1
0.9317870736122131 1
0.9082987904548645 1
0.8978360295295715 1
0.9121066927909851 1
0.9164919853210449 1
0.9257333278656006 1
0.8911232352256775 1
0.8585970997810364 1
0.9187928438186646 1
0.8633752465248108 1
0.7671555280685425 1
0.9081291556358337 1
0.9301125407218933 1
0.8840262293815613 1
0.9243756532669067 1
0.8971982598304749 1
0.9358671307563782 1
0.9083326458930969 1
0.9687329530715942 1
0.9401341676712036 1
0.928462028503418 1
0.855580747127533 1
0.5111956596374512 0
0.3442337214946747 0
0.5688523054122925 0
0.5768531560897827 0
0.49443888664245605 0
0.5645259618759155 0
0.36418622732162476 0
0.38466978073120117 0
0.5741352438926697 0
0.5137209892272949 0
0.4671173095703125 0
0.5721001029014587 0
0.5300876498222351 0
0.5863633751869202 0
0.5635508298873901 0
0.6305679082870483 0
0.5501591563224792 0
0.5639315843582153 0
0.46371346712112427 0
0.5004504323005676 0
0.6286110281944275 0
0.575425922870636 0
0.5051099061965942 0
0.48324069380760193 0
0.43484506011009216 0
0.39882874488830566 0
0.44132694602012634 0
0.44530415534973145 0
0.5153879523277283 0
0.5469422936439514 0
0.49100548028945923 0
0.5237556099891663 0
0.5646159648895264 0
0.5615306496620178 0
0.5334877371788025 0
0.6617175936698914 0
0.5675129890441895 0
0.5203428864479065 0
0.5205962657928467 0
0.4206914007663727 0
0.37540504336357117 0
0.6617281436920166 0
0.5468311309814453 0
0.5814669728279114 0
0.5728138089179993 0
0.5307159423828125 0
0.4406087100505829 0
0.5561808347702026 0
0.5406241416931152 0
0.4592050015926361 0
0.48393821716308594 0
0.3815930485725403 0
0.4737572968006134 0
0.5661326050758362 0
0.4740697145462036 0
0.45470094680786133 0
0.4592336416244507 0
0.5469611287117004 0
0.465988427400589 0
0.5452065467834473 0
0.42261749505996704 0
0.534748375415802 0
0.5671327114105225 0
0.517787754535675 0
0.46149542927742004 0
0.5563125610351562 0
0.5302969813346863 0
0.5200541615486145 0
0.5386539697647095 0
0.40119168162345886 0
0.4529063403606415 0
0.5316169261932373 0
0.662028431892395 0
0.5092465281486511 0
0.629749596118927 0
0.7144549489021301 0
0.6372082233428955 0
0.6578486561775208 0
0.5527901649475098 0
0.7496488690376282 0
0.6110542416572571 0
0.7955251336097717 0
0.6731724739074707 0
0.5797694325447083 0
0.684326708316803 0
0.6205061078071594 0
0.45243555307388306 0
0.6621401309967041 0
0.5720895528793335 0
0.6189013123512268 0
0.48766377568244934 0
0.6657199859619141 0
0.7036216855049133 0
0.6729902029037476 0
0.7539218664169312 0
0.7260187864303589 0
0.5523689389228821 0
0.5110642910003662 0
0.4922187924385071 0
0.7060496807098389 0
0.7092812657356262 0
0.7003244161605835 0
0.6620158553123474 0
0.5127056837081909 0
0.7081040740013123 0
0.6471725702285767 0
0.6001394987106323 0
0.6836954951286316 0
0.7022157311439514 0
0.48049455881118774 0
0.5874432325363159 0
0.7605467438697815 0
0.649227499961853 0
0.7512469291687012 0
0.14742900431156158 0
0.15061143040657043 0
0.1758846491575241 0
0.06024746224284172 0
0.10002297908067703 0
0.11202176660299301 0
0.31528738141059875 0
0.13693702220916748 0
0.13845613598823547 0
0.13532614707946777 0
0.07457272708415985 0
0.057048991322517395 0
0.11667320132255554 0
0.10417833179235458 0
0.2473137378692627 0
0.09490474313497543 0
0.12528002262115479 0
0.08308453112840652 0
0.033611878752708435 0
-0.017304299399256706 0
0.10195071995258331 0
0.10506437718868256 0
0.012553280219435692 0
0.12380163371562958 0
0.030267374590039253 0
0.021251648664474487 0
0.09435383230447769 0
0.09090269356966019 0
0.08791521936655045 0
0.8623016476631165 1
0.8754532933235168 1
0.9512636065483093 1
0.8661283850669861 1
0.9218013286590576 1
0.838102400302887 1
0.9381730556488037 1
0.9455196857452393 1
0.8587608337402344 1
0.9071701169013977 1
0.9253753423690796 1
0.9308029413223267 1
0.918409526348114 1
0.9436935186386108 1
0.8659027218818665 1
0.8837977647781372 1
0.92000412940979 1
0.9643512964248657 1
0.9070656299591064 1
0.9037863612174988 1
0.9587962031364441 1
0.9532163143157959 1
0.9111236929893494 1
0.8713613748550415 1
0.894085168838501 1
0.9064514636993408 1
0.9173768162727356 1
0.9418132305145264 1
0.9589993357658386 1
0.9181109070777893 1
0.9591410160064697 1
0.8910784721374512 1
0.926419734954834 1
0.8489140868186951 1
0.9175372123718262 1
0.8989740014076233 1
0.846405029296875 1
0.9424655437469482 1
0.9373801350593567 1
0.8947694301605225 1
0.8388733863830566 1
0.9386791586875916 1
0.45389458537101746 0
0.5300991535186768 0
0.34595927596092224 0
0.5156735181808472 0
0.4552690386772156 0
0.6622549891471863 0
0.36008626222610474 0
0.5511119961738586 0
0.47739142179489136 0
0.5311455130577087 0
0.8983213901519775 1
0.8537182211875916 1
0.8289638161659241 1
0.8621793389320374 1
0.9042392373085022 1
0.7655722498893738 1
0.9245062470436096 1
0.8724018335342407 1
0.8503312468528748 1
0.838525652885437 1
0.9239816069602966 1
0.8929517269134521 1
0.8894091248512268 1
0.8996402621269226 1
0.8454785346984863 1
0.8139116764068604 1
0.7861263751983643 1
0.8743205070495605 1
0.7886832356452942 1
0.9039592742919922 1
0.7493315935134888 1
0.8811105489730835 1
0.8820626735687256 1
0.8304376006126404 1
0.8710176944732666 1
0.878278911113739 1
0.8117706179618835 1
0.9459366202354431 1
0.8429474234580994 1
0.9071120619773865 1
0.8794640898704529 1
0.7657361626625061 1
0.6265887022018433 0
0.7507600784301758 0
0.6943262815475464 0
0.7768654227256775 0
0.7053317427635193 0
0.6489514708518982 0
0.6657437682151794 0
0.6736285090446472 0
0.6564661860466003 0
0.747983455657959 0
0.6310188174247742 0
0.7197853326797485 0
0.6229991316795349 0
0.6415111422538757 0
0.744936466217041 0
0.7188423275947571 0
0.589340329170227 0
0.6487183570861816 0
0.5807616114616394 0
0.7043057680130005 0
0.5873243808746338 0
0.6365148425102234 0
0.7585182785987854 0
0.7537415027618408 0
0.7263590693473816 0
0.7337921261787415 0
0.6970034837722778 0
0.7141148447990417 0
0.7463496923446655 0
0.6100084781646729 0
0.711111843585968 0
0.8443868160247803 0
0.7577965259552002 0
0.7252905368804932 0
0.6948022842407227 0
0.7936899662017822 0
0.8090789318084717 0
0.740110456943512 0
0.8128915429115295 0
0.8118069171905518 0
0.8056414723396301 0
0.6970266103744507 0
0.6207866668701172 0
0.7688978314399719 0
0.6996437907218933 0
0.7637130618095398 0
0.7020219564437866 0
0.6578623652458191 0
0.8167291879653931 0
0.8326419591903687 0
0.8247979879379272 0
0.7799272537231445 0
0.7643572092056274 0
0.8406388163566589 0
0.7465792894363403 0
0.7906531691551208 0
0.707378625869751 0
0.7356194257736206 0
0.8140031695365906 0
0.6777340769767761 0
0.7617213726043701 0
0.8202776312828064 0
0.5791721940040588 0
0.6460164189338684 0
0.7441645264625549 0
0.6578732132911682 0
0.7342554330825806 0
0.7431592345237732 0
0.8824641704559326 0
0.8127763271331787 0
0.682565450668335 0
0.7151035070419312 0
0.7594547867774963 0
0.37354615330696106 0
0.4677885174751282 0
0.5405070781707764 0
0.49843019247055054 0
0.47889065742492676 0
0.5591220259666443 0
0.49863868951797485 0
0.5387436747550964 0
0.38062259554862976 0
0.4365343451499939 0
0.5302319526672363 0
0.2980850040912628 0
0.5220956802368164 0
0.4804650545120239 0
0.30620864033699036 0
0.4317164421081543 0
0.37410271167755127 0
0.4616493284702301 0
0.4635871648788452 0
0.4753856658935547 0
0.56055748462677 0
0.22922946512699127 0
0.3439261019229889 0
0.3099571764469147 0
0.3950521945953369 0
0.3308001458644867 0
0.348812460899353 0
0.35349947214126587 0
0.41710758209228516 0
0.48887529969215393 0
0.4749755263328552 0
0.4270513653755188 0
0.5178879499435425 0
0.465766042470932 0
0.5190466642379761 0
0.5391241312026978 0
0.5042526125907898 0
0.5889635682106018 0
0.5586914420127869 0
0.5079991817474365 0
0.5041084885597229 0
0.3092728555202484 0
0.4479413330554962 0
0.40235990285873413 0
0.5037661790847778 0
0.5871479511260986 0
0.5825929641723633 0
0.6753488183021545 0
0.3808234930038452 0
0.5358068346977234 0
0.5141069293022156 0
0.43289053440093994 0
0.4079485535621643 0
0.5593066811561584 0
0.6021904945373535 0
0.6309013962745667 0
0.47379007935523987 0
0.49460670351982117 0
0.46610742807388306 0
0.5452021956443787 0
0.5740529298782349 0
0.5225731134414673 0
0.5031835436820984 0
0.3943300247192383 0
0.45991599559783936 0
0.5331864356994629 0
0.533017098903656 0
0.6456484198570251 0
0.46730080246925354 0
0.5779023766517639 0
0.4507395029067993 0
0.836126446723938 1
0.8524784445762634 1
0.7219900488853455 1
0.8645837903022766 1
0.9276705384254456 1
0.9058099389076233 1
0.9003005623817444 1
0.9094080328941345 1
0.9122541546821594 1
0.8283988237380981 1
0.9194929599761963 1
0.7595162391662598 1
0.8506879806518555 1
0.8507857918739319 1
0.8538139462471008 1
0.7968783378601074 1
0.7080782055854797 1
0.9334077835083008 1
0.7734045386314392 1
0.9564363360404968 1
0.9090091586112976 1
0.8661878108978271 1
0.8851526975631714 1
0.9244899153709412 1
0.8213178515434265 1
0.7764920592308044 1
0.7645689845085144 1
0.9152164459228516 1
0.7657943367958069 1
0.9011748433113098 1
0.836481511592865 1
0.8128231167793274 1
0.8705968856811523 1
0.7861019372940063 1
0.8116576671600342 1
0.9062412977218628 1
0.7766128778457642 1
0.7729912400245667 1
0.8770301938056946 1
0.8664511442184448 1
0.8433735966682434 1
0.7552525997161865 1
0.8367133140563965 0
0.5926823019981384 0
0.660057544708252 0
0.7952734231948853 0
0.7506899833679199 0
0.7350879311561584 0
0.720905065536499 0
0.6636555194854736 0
0.7385624647140503 0
0.7393956184387207 0
0.6667371392250061 0
0.7523455619812012 0
0.7045004367828369 0
0.6786437034606934 0
0.7168459296226501 0
0.7965644001960754 0
0.7562479376792908 0
0.6427467465400696 0
0.7084860801696777 0
0.6010903716087341 0
0.7829699516296387 0
0.6872543692588806 0
0.7246888279914856 0
0.7147882580757141 0
0.773964524269104 0
0.7930617928504944 0
0.6979564428329468 0
0.6450781226158142 0
0.6474314332008362 0
0.5837031602859497 0
0.8465790748596191 0
0.7587389349937439 0
0.8341861367225647 0
0.7296642661094666 0
0.7168937921524048 0
0.7360557317733765 0
0.7326614260673523 0
0.6214215755462646 0
0.8048031330108643 0
0.7579280138015747 0
0.7350391149520874 0
0.7277522683143616 0
0.6563739776611328 0
0.7290581464767456 0
0.711832582950592 0
0.663210928440094 0
0.7183961868286133 0
0.7336169481277466 0
0.679323136806488 0
0.6916694045066833 0
0.6965500116348267 0
0.4972288906574249 0
0.7520397901535034 0
0.7440952658653259 0
0.7611264586448669 0
0.7170455455780029 0
0.5827645659446716 0
0.851188600063324 0
0.6364284157752991 0
0.7123842835426331 0
0.8286736607551575 0
0.6522231698036194 0
0.745857298374176 0
0.5910022854804993 0
0.6835248470306396 0
0.6089761853218079 0
0.6772934794425964 0
0.6780573725700378 0
0.768410861492157 0
0.7632138133049011 0
0.6030530333518982 0
0.7009698748588562 0
0.6583191156387329 0
0.4348861575126648 0
0.683722972869873 0
0.40381908416748047 0
0.4965594410896301 0
0.5289391279220581 0
0.5048832893371582 0
0.42298242449760437 0
0.4840618669986725 0
0.4992929697036743 0
0.7091100215911865 0
0.41591712832450867 0
0.6080800890922546 0
0.4893854260444641 0
0.5426520705223083 0
0.3916490077972412 0
0.5105466842651367 0
0.2089550942182541 0
0.45874059200286865 0
0.35351884365081787 0
0.3642522096633911 0
0.5491036176681519 0
0.4361148178577423 0
0.38561034202575684 0
0.4821465015411377 0
0.45882126688957214 0
0.40375611186027527 0
0.3393528163433075 0
0.5264297127723694 0
0.44330596923828125 0
0.39730212092399597 0
0.554676353931427 0
0.5257331728935242 0
0.5261214375495911 0
0.4746283292770386 0
0.48388367891311646 0
0.5370184183120728 0
0.4506712555885315 0
0.4845115840435028 0
0.5790104866027832 0
0.5255210995674133 0
0.36089494824409485 0
0.399524986743927 0
0.404266357421875 0
0.29319584369659424 0
0.653026282787323 0
0.492584228515625 0
0.5769968628883362 0
0.6526578068733215 0
0.5395316481590271 0
0.6989094614982605 0
0.5245119333267212 0
0.5686888098716736 0
0.4181695282459259 0
0.5524324774742126 0
0.4895593822002411 0
0.6674893498420715 0
0.46519383788108826 0
0.5551353693008423 0
0.536769449710846 0
0.4551600217819214 0
0.5673198699951172 0
0.5484631061553955 0
0.4784599840641022 0
0.49929672479629517 0
0.5123890042304993 0
0.5658267140388489 0
0.6609617471694946 0
0.466219961643219 0
0.7062088847160339 0
0.5372639894485474 0
0.45401474833488464 0
0.8543726801872253 1
0.9210873246192932 1
0.8382648825645447 1
0.9034066796302795 1
0.711632251739502 1
0.8818855285644531 1
0.7759086489677429 1
0.9069634079933167 1
0.8916648030281067 1
0.9039433002471924 1
0.7802494168281555 1
0.8860303163528442 1
0.8393058180809021 1
0.7922489643096924 1
0.8820204138755798 1
0.8332970142364502 1
0.7338541150093079 1
0.894534170627594 1
0.8883509635925293 1
0.8808502554893494 1
0.8922163248062134 1
0.8448981642723083 1
0.7079491019248962 1
0.9105437994003296 1
0.8132792711257935 1
0.8297845721244812 1
0.7916393876075745 1
0.8458154201507568 1
0.9181588888168335 1
0.9423656463623047 1
0.8254756927490234 1
0.8471614122390747 1
0.8383787274360657 1
0.8516493439674377 1
0.9163569808006287 1
0.7753996253013611 1
0.9080501794815063 1
0.7293694615364075 1
0.839394748210907 1
0.8692319989204407 1
0.9039540886878967 1
0.869761049747467 1
0.738564670085907 0
0.7464438676834106 0
0.6534548997879028 0
0.7132587432861328 0
0.6975995898246765 0
0.49005788564682007 0
0.6545895338058472 0
0.6431217193603516 0
0.5981605052947998 0
0.6482510566711426 0
0.5558599233627319 0
0.7660706043243408 0
0.7284491658210754 0
0.7410364151000977 0
0.619016170501709 0
0.9560805559158325 1
0.9504851698875427 1
0.9254781007766724 1
0.8750433921813965 1
0.9375231862068176 1
0.90336674451828 1
0.9086208939552307 1
0.8764142394065857 1
0.944044828414917 1
0.9582740664482117 1
0.896672248840332 1
0.9075543284416199 1
0.9423045516014099 1
0.9214260578155518 1
0.9352309703826904 1
0.8445069193840027 0
0.8187242746353149 0
0.8747744560241699 0
0.8786426782608032 0
0.7824572324752808 0
0.8664229512214661 0
0.8877038359642029 0
0.844169020652771 0
0.8265137076377869 0
0.8331945538520813 0
0.7852025032043457 0
0.8344725966453552 0
0.818846583366394 0
0.835660457611084 0
0.8726987838745117 0
0.819389283657074 0
0.8159518837928772 0
0.7917741537094116 0
0.9165316820144653 0
0.8355443477630615 0
0.7686498165130615 0
0.845346212387085 0
0.699333906173706 0
0.8159270882606506 0
0.8694242238998413 0
0.6822994351387024 0
0.7593382596969604 0
0.8706726431846619 0
0.7031683325767517 0
0.7332322001457214 0
0.7828021049499512 0
0.5947271585464478 0
0.8290587663650513 0
0.857556164264679 0
0.7784702181816101 0
0.8505098223686218 0
0.8955807685852051 0
0.8239424824714661 0
0.7428829669952393 0
0.8261314034461975 0
0.7030790448188782 0
0.8628363013267517 0
0.31426137685775757 0
0.4041265845298767 0
0.33974355459213257 0
0.40925320982933044 0
0.3532678186893463 0
0.35041314363479614 0
0.5256853103637695 0
0.3540761172771454 0
0.3053099513053894 0
0.5062351226806641 0
0.5731348991394043 0
0.4072028696537018 0
0.42529821395874023 0
0.5865409970283508 0
0.3920295238494873 0
0.2866983711719513 0
0.35568422079086304 0
0.4149489998817444 0
0.21717819571495056 0
0.37298259139060974 0
0.2936805486679077 0
0.321745902299881 0
0.3197924494743347 0
0.40972384810447693 0
0.5005865693092346 0
0.43751034140586853 0
0.3021070957183838 0
0.39546525478363037 0
0.3205863833427429 0
0.7279176712036133 0
0.4742549657821655 0
0.5361179709434509 0
0.44871968030929565 0
0.4931255578994751 0
0.4404679536819458 0
0.46250835061073303 0
0.43510594964027405 0
0.5528408885002136 0
0.5976980924606323 0
0.6089506149291992 0
0.493541955947876 0
0.594964325428009 0
0.6349419951438904 0
0.40299898386001587 0
0.5619704127311707 0
0.4004243314266205 0
0.5508175492286682 0
0.506855309009552 0
0.5533035397529602 0
0.5916039943695068 0
0.44455620646476746 0
0.5348832607269287 0
0.5323368310928345 0
0.612589955329895 0
0.5541206002235413 0
0.5480250120162964 0
0.6536611914634705 0
0.48174652457237244 0
0.5392588376998901 0
0.6276836395263672 0
0.4696981608867645 0
0.4177972376346588 0
0.4607480764389038 0
0.562661349773407 0
0.5062904357910156 0
0.3859965205192566 0
0.5332702994346619 0
0.5972166061401367 0
0.6086971759796143 0
0.5525626540184021 0
0.4841485023498535 0
0.5987889170646667 0
0.5998767614364624 0
0.6452147960662842 0
0.7871734499931335 0
0.6053515076637268 0
0.7158181071281433 0
0.6888545751571655 0
0.758894681930542 0
0.7093929648399353 0
0.7445332407951355 0
0.7127373814582825 0
0.6623027324676514 0
0.6807183027267456 0
0.6483215093612671 0
0.6579538583755493 0
0.645671010017395 0
0.7287536263465881 0
0.754488468170166 0
0.7119839191436768 0
0.7087451219558716 0
0.7198358774185181 0
0.6754868626594543 0
0.657302975654602 0
0.7396231889724731 0
0.6563186049461365 0
0.5840134024620056 0
0.6752594709396362 0
0.6364773511886597 0
0.5913568735122681 0
0.7194963693618774 0
0.7272816896438599 0
0.7101744413375854 0
0.8055540919303894 0
0.7077702879905701 0
0.6964799165725708 0
0.7134093642234802 0
0.7202785015106201 0
0.5810182690620422 0
0.7280773520469666 0
0.6370139122009277 0
0.5615850687026978 0
0.7161210775375366 0
0.7335473299026489 0
0.8575698137283325 1
0.8026753067970276 1
0.8952456712722778 1
0.9052812457084656 1
0.9441242814064026 1
0.9533594250679016 1
0.9189783930778503 1
0.8121660351753235 1
0.9692209959030151 1
0.9726849794387817 1
0.9452059864997864 1
0.8001904487609863 1
0.8836817741394043 1
0.9101738333702087 1
0.9141579270362854 1
0.9178527593612671 1
0.927463173866272 1
0.8969441056251526 1
0.9417391419410706 1
0.9313646554946899 1
0.9136791229248047 1
0.8917635679244995 1
0.9345466494560242 1
0.945401668548584 1
0.9182799458503723 1
0.9264432787895203 1
0.9178846478462219 1
0.9341683387756348 1
0.911695122718811 1
0.94559246301651 1
0.7999267578125 0
0.6398972868919373 0
0.815920889377594 0
0.7355605959892273 0
0.8012344241142273 0
0.8271316885948181 0
0.819436252117157 0
0.7641799449920654 0
0.8296170234680176 0
0.82036954164505 0
0.7409139275550842 0
0.7632564306259155 0
0.6706724166870117 0
0.7610954642295837 0
0.8005126714706421 0
0.8135715126991272 0
0.8764491677284241 0
0.8159744143486023 0
0.7491623163223267 0
0.831940233707428 0
0.800595223903656 0
0.8261739015579224 0
0.8178088665008545 0
0.7165778875350952 0
0.8737941980361938 0
0.8419201374053955 0
0.742401659488678 0
0.8019718527793884 0
0.8219805359840393 0
0.8309561610221863 0
0.8547506332397461 0
0.8611074686050415 0
0.8185287117958069 0
0.7908212542533875 0
0.7880548238754272 0
0.7681139707565308 0
0.8741737008094788 0
0.8366075158119202 0
0.8243088722229004 0
0.82676762342453 0
0.8285381197929382 0
0.7707249522209167 0
0.41233325004577637 0
0.36348745226860046 0
0.45592936873435974 0
0.39444485306739807 0
0.48501521348953247 0
0.4020153880119324 0
0.4033835232257843 0
0.4263851046562195 0
0.3938397467136383 0
0.36000168323516846 0
0.4869270920753479 0
0.5198020935058594 0
0.44535335898399353 0
0.5335575342178345 0
0.4453544020652771 0
0.28990641236305237 0
0.3827143609523773 0
0.3636263906955719 0
0.3153623342514038 0
0.4101566970348358 0
0.43983617424964905 0
0.4842282831668854 0
0.41255077719688416 0
0.2647002339363098 0
0.39870867133140564 0
0.419872522354126 0
0.33043602108955383 0
0.31078895926475525 0
0.3978605270385742 0
0.4666985869407654 0
0.4509331285953522 0
0.5534189939498901 0
0.5963038802146912 0
0.5235294699668884 0
0.46479594707489014 0
0.5556522607803345 0
0.36166709661483765 0
0.39718690514564514 0
0.47651079297065735 0
0.4237300157546997 0
0.5616537928581238 0
0.36632078886032104 0
0.5134950280189514 0
0.4649886190891266 0
0.4930419921875 0
0.4945206046104431 0
0.4204772412776947 0
0.589322030544281 0
0.48454171419143677 0
0.4517652094364166 0
0.6421488523483276 0
0.47896677255630493 0
0.5730751156806946 0
0.5604605078697205 0
0.36026015877723694 0
0.41857150197029114 0
0.6816186904907227 0
0.5319502353668213 0
0.5871979594230652 0
0.4901992380619049 0
0.6039965152740479 0
0.6939674615859985 0
0.6764091849327087 0
0.6116673350334167 0
0.6206821203231812 0
0.7029727101325989 0
0.5608985424041748 0
0.6449242830276489 0
0.5857431888580322 0
0.6471689939498901 0
0.47738030552864075 0
0.6582499146461487 0
0.8304759860038757 0
0.6920029520988464 0
0.8209286332130432 0
0.6990981698036194 0
0.7730527520179749 0
0.8032535314559937 0
0.7814922332763672 0
0.7208993434906006 0
0.7864367961883545 0
0.770067036151886 0
0.8233970403671265 0
0.8377282023429871 0
0.7995660901069641 0
0.8466120958328247 0
0.7229213118553162 0
0.8076156973838806 0
0.7919436097145081 0
0.8364599347114563 0
0.7064882516860962 0
0.8260927200317383 0
0.618099570274353 0
0.6437321901321411 0
0.8337103128433228 0
0.5894460678100586 0
0.8624851703643799 0
0.6692187190055847 0
0.5807358026504517 0
0.6271671652793884 0
0.7071207761764526 0
0.7846781611442566 0
0.7664254903793335 0
0.7616465091705322 0
0.6510512232780457 0
0.8481353521347046 0
0.7454803586006165 0
0.7200545072555542 0
0.8181557655334473 0
0.8256102800369263 0
0.7066797018051147 0
0.7474998831748962 0
0.710955798625946 0
0.808173418045044 0
0.7928993105888367 0
0.8346849083900452 0
0.8381657600402832 0
0.7361311316490173 0
0.6857905387878418 0
0.8594300150871277 0
0.8631497025489807 0
0.7843550443649292 0
0.8079695701599121 0
0.7618611454963684 0
0.8669329881668091 0
0.845352828502655 0
0.8135111927986145 0
0.8945127725601196 0
0.857901930809021 0
0.8445442318916321 0
0.7940000295639038 0
0.883613646030426 0
0.7331515550613403 0
0.8816306591033936 0
0.8713924884796143 0
0.7853088974952698 0
0.801790714263916 0
0.7026309370994568 0
0.8777928352355957 0
0.8388175964355469 0
0.7944213151931763 0
0.8328874111175537 0
0.7553418278694153 0
0.7362722158432007 0
0.9272366166114807 1
0.898036003112793 1
0.8760504126548767 1
0.864404559135437 1
0.9197232127189636 1
0.8755818605422974 1
0.943524181842804 1
0.7624417543411255 1
0.9001413583755493 1
0.8796672224998474 1
0.9187986254692078 1
0.8574073314666748 1
0.870532751083374 1
0.8228926062583923 1
0.8094158172607422 1
0.945288896560669 1
0.9018496870994568 1
0.9581074118614197 1
0.8844898343086243 1
0.8127617239952087 1
0.9526108503341675 1
0.8370925188064575 1
0.9358475208282471 1
0.9160354733467102 1
0.9512508511543274 1
0.8936372399330139 1
0.8259140253067017 1
0.9153038859367371 1
0.9521429538726807 1
0.8951610326766968 1
0.8496392369270325 1
0.7654523253440857 1
0.8919193744659424 1
0.9019917249679565 1
0.8563972115516663 1
0.8798484206199646 1
0.8426735401153564 1
0.8991120457649231 1
0.6934987306594849 1
0.9266437888145447 1
0.8986669778823853 1
0.8586305975914001 1
0.28993746638298035 0
0.3526226282119751 0
0.4546348750591278 0
0.43632492423057556 0
0.3993512690067291 0
0.6223348379135132 0
0.4893902838230133 0
0.30082476139068604 0
0.4356485605239868 0
0.5757157206535339 0
0.30332496762275696 0
0.33674174547195435 0
0.25571209192276 0
0.462400883436203 0
0.4086740016937256 0
0.3514619767665863 0
0.32553666830062866 0
0.2962014377117157 0
0.3065320551395416 0
0.3733218312263489 0
0.315578818321228 0
0.3836442232131958 0
0.32155266404151917 0
0.4768761098384857 0
0.3385772705078125 0
0.38684770464897156 0
0.243691086769104 0
0.4212220013141632 0
0.3406256139278412 0
0.7273024320602417 0
0.5675485730171204 0
0.7244098782539368 0
0.6534706950187683 0
0.49466472864151 0
0.6379647850990295 0
0.7688596844673157 0
0.5492781400680542 0
0.6348337531089783 0
0.630753219127655 0
0.6395753026008606 0
0.5835769176483154 0
0.5993447303771973 0
0.4805702865123749 0
0.6416535973548889 0
0.7031017541885376 0
0.5784723162651062 0
0.5985770225524902 0
0.5929239988327026 0
0.7436143159866333 0
0.779024064540863 0
0.6988005042076111 0
0.5782533884048462 0
0.4588077962398529 0
0.8057764768600464 0
0.5601444840431213 0
0.6438918113708496 0
0.5583980083465576 0
0.5825819373130798 0
0.7657007575035095 0
0.7197786569595337 0
0.5601263642311096 0
0.49557653069496155 0
0.41516217589378357 0
0.7512505054473877 0
0.5251919627189636 0
0.43770426511764526 0
0.5152295827865601 0
0.6639336347579956 0
0.5703445672988892 0
0.6821292042732239 0
0.5905181169509888 0
0.8035908341407776 0
0.6787429451942444 0
0.6593945026397705 0
0.7993655204772949 0
0.7071658968925476 0
0.7151299715042114 0
0.7490495443344116 0
0.8435262441635132 0
0.79258793592453 0
0.7866562008857727 0
0.8385686874389648 0
0.7308267951011658 0
0.7687444686889648 0
0.814937949180603 0
0.643008828163147 0
0.8263543844223022 0
0.7928290367126465 0
0.8323534727096558 0
0.6904757618904114 0
0.7245587110519409 0
0.8135910034179688 0
0.7601584792137146 0
0.811546266078949 0
0.7054639458656311 0
0.7820754051208496 0
0.727013111114502 0
0.7144579887390137 0
0.6799046397209167 0
0.5420450568199158 0
0.6367197036743164 0
0.6305640935897827 0
0.7242173552513123 0
0.7541831731796265 0
0.6670610308647156 0
0.7909257411956787 0
0.7166953682899475 0
0.750372052192688 0
0.8376837968826294 0
0.7023895978927612 0
0.790034294128418 0
0.6454073190689087 0
0.6635386347770691 0
0.7118731737136841 0
0.7647463083267212 0
0.8007433414459229 0
0.8032906651496887 0
0.7705225348472595 0
0.8163419365882874 0
0.859504759311676 0
0.7174038887023926 0
0.8646851778030396 0
0.8620207905769348 0
0.8083122372627258 0
0.7876303195953369 0
0.7290056347846985 0
0.8738270998001099 0
0.7701743245124817 0
0.8379267454147339 0
0.7573865652084351 0
0.7667250037193298 0
0.6919852495193481 0
0.6847553253173828 0
0.7251179218292236 0
0.7601370811462402 0
0.7943711876869202 0
0.8260306119918823 0
0.810057520866394 0
0.8265394568443298 0
0.6906481385231018 0
0.7827095985412598 0
0.7302420139312744 0
0.7718793749809265 0
0.8775052428245544 1
0.8691138625144958 1
0.8466600179672241 1
0.9363408088684082 1
0.9147891998291016 1
0.7993503212928772 1
0.9491757750511169 1
0.9279304146766663 1
0.9499460458755493 1
0.925778329372406 1
0.9407596588134766 1
0.9039347767829895 1
0.8828516602516174 1
0.9211131930351257 1
0.9113191366195679 1
0.8828542828559875 1
0.9203006029129028 1
0.9296973943710327 1
0.9411709308624268 1
0.9301577210426331 1
0.8091830015182495 1
0.901849627494812 1
0.8999216556549072 1
0.8923858404159546 1
0.8175721168518066 1
0.8776271939277649 1
0.951346755027771 1
0.9420424103736877 1
0.9010420441627502 1
0.8904180526733398 1
0.9999999403953552 1
0.8394299745559692 1
0.8576552271842957 1
0.8880220055580139 1
0.8912819623947144 1
0.9191268086433411 1
0.9078066945075989 1
0.8219699263572693 1
0.8506225943565369 1
0.905138373374939 1
0.9236125946044922 1
0.9149287343025208 1
0.9075717329978943 1
0.5221083760261536 0
0.5423295497894287 0
0.384348064661026 0
0.30738565325737 0
0.3538513779640198 0
0.6939067244529724 0
0.4206617772579193 0
0.38447120785713196 0
0.2565169930458069 0
0.49128255248069763 0
0.6610110998153687 0
0.40411585569381714 0
0.49470698833465576 0
0.48106133937835693 0
0.241529181599617 0
0.3363229036331177 0
0.36886897683143616 0
0.3320245146751404 0
0.22149628400802612 0
0.3959697484970093 0
0.3464290201663971 0
0.3526720106601715 0
0.19011031091213226 0
0.25921306014060974 0
0.298514723777771 0
0.42278167605400085 0
0.32522180676460266 0
0.34437528252601624 0
0.3329514265060425 0
0.6558466553688049 0
0.5934597253799438 0
0.7517524361610413 0
0.5630828738212585 0
0.6669796109199524 0
0.6593171954154968 0
0.5360701084136963 0
0.5645837187767029 0
0.8004323840141296 0
0.70856112241745 0
0.6202637553215027 0
0.6624101400375366 0
0.49585604667663574 0
0.6325650811195374 0
0.4723513424396515 0
0.7805876731872559 0
0.8045195937156677 0
0.7905083298683167 0
0.6854528784751892 0
0.7591927647590637 0
0.5888103246688843 0
0.7952350974082947 0
0.6003531217575073 0
0.5477557182312012 0
0.7165506482124329 0
0.6379996538162231 0
0.8005855679512024 0
0.5443515777587891 0
0.7534233331680298 0
0.6534543633460999 0
0.593986988067627 0
0.7888439297676086 0
0.7182899117469788 0
0.6037091016769409 0
0.48188504576683044 0
0.561029314994812 0
0.5120666027069092 0
0.6772153973579407 0
0.7643778920173645 0
0.4733351171016693 0
0.691928505897522 0
0.5951101779937744 0
0.6322870850563049 0
0.6847707033157349 0
0.6672007441520691 0
0.6963720917701721 0
0.793883740901947 0
0.7168228626251221 0
0.7783613801002502 0
0.7270782589912415 0
0.8078445792198181 0
0.7914686799049377 0
0.7312073707580566 0
0.8507782816886902 0
0.837534487247467 0
0.7412397861480713 0
0.8096286058425903 0
0.7826105356216431 0
0.6393783688545227 0
0.7512825131416321 0
0.8141880631446838 0
0.7436586618423462 0
0.7215021252632141 0
0.6703923344612122 0
0.6993780136108398 0
0.7882563471794128 0
0.7147693037986755 0
0.7374927401542664 0
0.6565752625465393 0
0.7069937586784363 0
0.6181843280792236 0
0.8112475275993347 0
0.6917775869369507 0
0.7377966642379761 0
0.7000569701194763 0
0.7581055164337158 0
0.666716456413269 0
0.7276294827461243 0
0.7800893187522888 0
0.6279857754707336 0
0.8537957668304443 0
0.4415738880634308 0
0.5195125937461853 0
0.3252825438976288 0
0.44740670919418335 0
0.4967043995857239 0
0.3724614083766937 0
0.40196937322616577 0
0.3140725791454315 0
0.2575918734073639 0
0.35082268714904785 0
0.3594890832901001 0
0.4104348421096802 0
0.4533924162387848 0
0.45590442419052124 0
0.4205688238143921 0
0.28812697529792786 0
0.31146618723869324 0
0.25204452872276306 0
0.41512566804885864 0
0.400722861289978 0
0.3773791193962097 0
0.32361680269241333 0
0.3657055199146271 0
0.4412583112716675 0
0.4639160633087158 0
0.4934205412864685 0
0.41424354910850525 0
0.4352193772792816 0
0.22620578110218048 0
0.3451388478279114 0
0.44245001673698425 0
0.47540798783302307 0
0.5122365355491638 0
0.401058554649353 0
0.493324339389801 0
0.3592223823070526 0
0.27083346247673035 0
0.4723121225833893 0
0.3095029294490814 0
0.48528245091438293 0
0.43287229537963867 0
0.34411296248435974 0
0.5015476942062378 0
0.4528881013393402 0
0.3483070731163025 0
0.495329350233078 0
0.5934513211250305 0
0.342792809009552 0
0.3775440752506256 0
0.3278995156288147 0
0.43201759457588196 0
0.3721431791782379 0
0.48613619804382324 0
0.5176026821136475 0
0.4459979236125946 0
0.5279365181922913 0
0.35503774881362915 0
0.618351936340332 0
0.4671536386013031 0
0.36890825629234314 0
0.46579086780548096 0
0.5077322721481323 0
0.43205496668815613 0
0.2939019799232483 0
0.4856296479701996 0
0.5958203077316284 0
0.5708838105201721 0
0.4460519552230835 0
0.5516018867492676 0
0.5134661793708801 0
0.5681673288345337 0
0.3493516743183136 0
0.45108741521835327 0
0.25023123621940613 0
0.4129725992679596 0
0.43033233284950256 0
0.8547983765602112 1
0.8864212036132812 1
0.8823624849319458 1
0.8710400462150574 1
0.9047266840934753 1
0.9110431671142578 1
0.7374574542045593 1
0.8517903685569763 1
0.8398862481117249 1
0.8593702912330627 1
0.891446053981781 1
0.8865979909896851 1
0.8241561055183411 1
0.8216318488121033 1
0.7215738892555237 1
0.7520029544830322 1
0.8044247627258301 1
0.7240893840789795 1
0.7275403141975403 1
0.7079634070396423 1
0.730089008808136 1
0.7170552611351013 1
0.6982343792915344 1
0.7352010607719421 1
0.7743845582008362 1
0.7113484740257263 1
0.6265668869018555 1
0.7681882381439209 1
0.7443282008171082 1
0.04517323896288872 0
0.16616584360599518 0
0.15936221182346344 0
0.1824001520872116 0
0.09016730636358261 0
0.14495739340782166 0
0.12489822506904602 0
0.0705338567495346 0
0.15055522322654724 0
0.11804872751235962 0
0.002957069082185626 0
0.209196999669075 0
0.029078543186187744 0
0.002932297997176647 0
0.16958735883235931 0
0.1399698555469513 0
0.04147643223404884 0
0.1902608871459961 0
0.07467662543058395 0
0.046010181307792664 0
0.13252919912338257 0
0.03052609972655773 0
0.0544852688908577 0
-0.05030088871717453 0
-0.012450668960809708 0
0.19833257794380188 0
0.10217002779245377 0
0.06278228014707565 0
0.11908092349767685 0
0.01776914857327938 0
0.07830635458230972 0
0.062138233333826065 0
0.1032853052020073 0
0.16535237431526184 0
0.22724388539791107 0
0.16072465479373932 0
0.099039226770401 0
0.09896743297576904 0
0.08623027056455612 0
0.14667823910713196 0
0.23197567462921143 0
0.03411655128002167 0
0.4044508635997772 0
0.48018744587898254 0
0.457419216632843 0
0.43178609013557434 0
0.278546541929245 0
0.422041654586792 0
0.16515010595321655 0
0.43157505989074707 0
0.32648712396621704 0
0.44161853194236755 0
0.35758307576179504 0
0.343900203704834 0
0.40007442235946655 0
0.43133071064949036 0
0.5469821691513062 0
0.4606403708457947 0
0.3733823001384735 0
0.501313328742981 0
0.40138211846351624 0
0.44781410694122314 0
0.4222424030303955 0
0.3063955008983612 0
0.28961682319641113 0
0.3356562554836273 0
0.3423747420310974 0
0.40966877341270447 0
0.5428805947303772 0
0.39737197756767273 0
0.6091666221618652 0
0.4522087275981903 0
0.452343612909317 0
0.5348768830299377 0
0.3307752311229706 0
0.22727937996387482 0
0.3033580482006073 0
0.42771387100219727 0
0.36998167634010315 0
0.20253583788871765 0
0.3714311122894287 0
0.37503477931022644 0
0.5281644463539124 0
0.4426875710487366 0
0.45397496223449707 0
0.4110713005065918 0
0.3889947235584259 0
0.31355103850364685 0
0.46235987544059753 0
0.23225140571594238 0
0.48453816771507263 0
0.32603949308395386 0
0.26494330167770386 0
0.4378643333911896 0
0.40628692507743835 0
0.41655266284942627 0
0.42119377851486206 0
0.35012102127075195 0
0.4832293689250946 0
0.3862215578556061 0
0.37592265009880066 0
0.4339596629142761 0
0.35732704401016235 0
0.3932250142097473 0
0.34744560718536377 0
0.36044588685035706 0
0.3579084575176239 0
0.41796448826789856 0
0.4605424702167511 0
0.39692720770835876 0
0.2882438600063324 0
0.2952532172203064 0
0.444816529750824 0
0.4118068814277649 0
0.32251235842704773 0
0.3924746811389923 0
0.45346158742904663 0
0.3688277304172516 0
0.31548598408699036 0
0.23977506160736084 0
0.3078365921974182 0
0.3442647159099579 0
0.3681744337081909 0
0.30163490772247314 0
0.3739696145057678 0
0.341559499502182 0
0.2643452286720276 0
0.2792005240917206 0
0.20816664397716522 0
0.29447320103645325 0
0.3262450397014618 0
0.41226136684417725 0
0.3526661992073059 0
0.27769580483436584 0
0.2823823094367981 0
0.24431924521923065 0
0.33054110407829285 0
0.37676018476486206 0
0.47113266587257385 0
0.39472872018814087 0
0.3754209578037262 0
0.381536602973938 0
0.3344716727733612 0
0.4211694598197937 0
0.2596875727176666 0
0.42142438888549805 0
0.35987183451652527 0
0.31759312748908997 0
0.19849207997322083 0
0.370056688785553 0
0.39924123883247375 0
0.29824405908584595 0
0.5389833450317383 0
0.27743852138519287 0
0.20187294483184814 0
0.22997476160526276 0
0.6254575848579407 1
0.768705427646637 1
0.7942783236503601 1
0.761502206325531 1
0.745788037776947 1
0.6847430467605591 1
0.80776047706604 1
0.7766067385673523 1
0.6705624461174011 1
0.658026397228241 1
0.7809698581695557 1
0.6908842921257019 1
0.6882328391075134 1
0.7551980018615723 1
0.6206380128860474 1
0.8880239725112915 1
0.9158872961997986 1
0.9221127033233643 1
0.814177930355072 1
0.9103731513023376 1
0.9068256616592407 1
0.9269800782203674 1
0.8889502882957458 1
0.86048424243927 1
0.8974881172180176 1
0.9216539263725281 1
0.9001094102859497 1
0.9518340229988098 1
0.9149540662765503 1
0.09318432956933975 0
