0.919703483581543 1
0.934773325920105 1
0.9157094955444336 1
0.931466817855835 1
0.8426746129989624 1
0.8603944778442383 1
0.9448235630989075 1
0.9290292859077454 1
0.9470654726028442 1
0.9416752457618713 1
0.8064379692077637 1
0.9487959146499634 1
0.9666487574577332 1
0.9016148447990417 1
0.9022005200386047 1
0.8354325890541077 1
0.9233782887458801 1
0.9441847205162048 1
0.9350118637084961 1
0.8786050081253052 1
0.9183870553970337 1
0.9244307279586792 1
0.9323954582214355 1
0.9608426690101624 1
0.92247074842453 1
0.9415999054908752 1
0.9605542421340942 1
0.8577839732170105 1
0.8934406042098999 1
0.9149904251098633 1
0.9314448237419128 1
0.9232468008995056 1
0.9321485757827759 1
0.9674332737922668 1
0.9074157476425171 1
0.9212323427200317 1
0.9579919576644897 1
0.9633557796478271 1
0.9432083368301392 1
0.9189804792404175 1
0.9240065813064575 1
0.9324163198471069 1
0.6220817565917969 0
0.6573905348777771 0
0.6567121148109436 0
0.5933067798614502 0
0.603778600692749 0
0.6386221051216125 0
0.6176446676254272 0
0.7032001614570618 0
0.707673192024231 0
0.5425350666046143 0
0.5235071778297424 0
0.6331229209899902 0
0.7752859592437744 0
0.760046124458313 0
0.6045183539390564 0
0.5873235464096069 0
0.6561717391014099 0
0.707165002822876 0
0.8270522356033325 0
0.6536768078804016 0
0.6851720213890076 0
0.7721546292304993 0
0.5946263670921326 0
0.4899352192878723 0
0.6188510060310364 0
0.6973207592964172 0
0.6258936524391174 0
0.4990409314632416 0
0.5583980083465576 0
0.764610767364502 0
0.7421128153800964 0
0.7503049969673157 0
0.628514289855957 0
0.7517257332801819 0
0.5714466571807861 0
0.6783829927444458 0
0.7388020157814026 0
0.6072248816490173 0
0.7704043388366699 0
0.5558546781539917 0
0.5707271099090576 0
0.6087653636932373 0
0.686961829662323 0
0.6301336288452148 0
0.649800717830658 0
0.6667903065681458 0
0.7106841206550598 0
0.7103641033172607 0
0.7385016083717346 0
0.7131653428077698 0
0.7672733664512634 0
0.6921818852424622 0
0.6925743222236633 0
0.6332859992980957 0
0.7232838869094849 0
0.6839148998260498 0
0.6680556535720825 0
0.6805952191352844 0
0.7206449508666992 0
0.7077749967575073 0
0.6033269166946411 0
0.6530325412750244 0
0.615826427936554 0
0.6945380568504333 0
0.7235700488090515 0
0.6207402944564819 0
0.7458668947219849 0
0.6360823512077332 0
0.7097967863082886 0
0.5729151964187622 0
0.5829319357872009 0
0.6184583306312561 0
0.5868093371391296 0
0.657669186592102 0
0.7669863104820251 0
0.8142286539077759 0
0.7741307020187378 0
0.8020282983779907 0
0.6457065939903259 0
0.6918339729309082 0
0.8222522139549255 0
0.7686721682548523 0
0.6995686292648315 0
0.8367701768875122 0
0.7208793759346008 0
0.655071496963501 0
0.7464587688446045 0
0.745751678943634 0
0.6850128769874573 0
0.83193439245224 0
0.8391745686531067 0
0.7833434343338013 0
0.8360875248908997 0
0.7089425325393677 0
0.5822737812995911 0
0.8594310879707336 0
0.7491291761398315 0
0.7219803333282471 0
0.7349481582641602 0
0.7605152726173401 0
0.7105178833007812 0
0.7426303625106812 0
0.6380466222763062 0
0.789010226726532 0
0.6486035585403442 0
0.762324333190918 0
0.7196791172027588 0
0.4757997393608093 0
0.6944044232368469 0
0.6370587348937988 0
0.7416539788246155 0
0.7148139476776123 0
0.7394837737083435 0
0.8026354908943176 0
0.23774227499961853 0
0.28353768587112427 0
0.23180586099624634 0
0.1745172142982483 0
0.19181761145591736 0
0.16283440589904785 0
0.07219251245260239 0
0.10017688572406769 0
0.10292986035346985 0
0.09726347774267197 0
0.10512416064739227 0
0.2338356077671051 0
0.11863470077514648 0
0.08920101076364517 0
0.14218579232692719 0
0.01394919864833355 0
0.09516341984272003 0
0.039663102477788925 0
0.00033787477877922356 0
0.10056719183921814 0
0.048443254083395004 0
0.05096857622265816 0
0.05712301656603813 0
0.058701034635305405 0
0.06415724009275436 0
0.09510356932878494 0
0.0860307365655899 0
0.0864209458231926 0
0.0059958165511488914 0
0.9101078510284424 1
0.9479746222496033 1
0.8791815042495728 1
0.9627991914749146 1
0.9649957418441772 1
0.8334022760391235 1
0.911411702632904 1
0.858501136302948 1
0.8810015320777893 1
0.934093177318573 1
0.7549047470092773 1
0.9598273038864136 1
0.9501218795776367 1
0.956999659538269 1
0.9519051909446716 1
0.939602255821228 1
0.852043867111206 1
0.8704612851142883 1
0.9058502912521362 1
0.8565028309822083 1
0.8869075179100037 1
0.9659165740013123 1
0.896984875202179 1
0.8692116141319275 1
0.926199734210968 1
0.9645383358001709 1
0.8959487676620483 1
0.913368821144104 1
0.8479025959968567 1
0.8711099028587341 1
0.9104639291763306 1
0.8076375722885132 1
0.9328225255012512 1
0.9625623226165771 1
0.9375896453857422 1
0.9676013588905334 1
0.9205784201622009 1
0.9448150992393494 1
0.9172661900520325 1
0.9638254046440125 1
0.934791624546051 1
0.9000112414360046 1
0.8750383853912354 1
0.6046632528305054 0
0.5087528228759766 0
0.7498550415039062 0
0.6988351941108704 0
0.5589884519577026 0
0.6962426900863647 0
0.6240254640579224 0
0.6144140958786011 0
0.7354589104652405 0
0.5917237997055054 0
0.5835756063461304 0
0.7393047213554382 0
0.6514082551002502 0
0.6751088500022888 0
0.6657997965812683 0
0.768754780292511 0
0.6584581136703491 0
0.6964441537857056 0
0.5734833478927612 0
0.6401557922363281 0
0.7892274260520935 0
0.7417492866516113 0
0.6701127290725708 0
0.45094871520996094 0
0.6972410082817078 0
0.5292245745658875 0
0.627098023891449 0
0.5711513757705688 0
0.6404118537902832 0
0.581838071346283 0
0.6890252232551575 0
0.6949291825294495 0
0.6663010716438293 0
0.6892235279083252 0
0.671137809753418 0
0.7837003469467163 0
0.7581706047058105 0
0.6713918447494507 0
0.6803293228149414 0
0.6648972630500793 0
0.5145977735519409 0
0.6960286498069763 0
0.6561905145645142 0
0.7235989570617676 0
0.7052788734436035 0
0.6602888107299805 0
0.5932560563087463 0
0.6525648832321167 0
0.7313410639762878 0
0.610246479511261 0
0.5928515195846558 0
0.5484887361526489 0
0.5883150696754456 0
0.5474855899810791 0
0.6095390915870667 0
0.6831234693527222 0
0.5482333898544312 0
0.655098557472229 0
0.6612493991851807 0
0.6546834707260132 0
0.5955268740653992 0
0.7138835787773132 0
0.6711294054985046 0
0.6683414578437805 0
0.6103928685188293 0
0.6633979678153992 0
0.6757739186286926 0
0.6593742370605469 0
0.7455100417137146 0
0.5385257005691528 0
0.7151734828948975 0
0.4706319272518158 0
0.6481291651725769 0
0.6475046277046204 0
0.6147118806838989 0
0.8326285481452942 0
0.7825835943222046 0
0.7031449675559998 0
0.717501699924469 0
0.8000771999359131 0
0.7579827308654785 0
0.8122310638427734 0
0.7327306866645813 0
0.6524457931518555 0
0.7710491418838501 0
0.828180193901062 0
0.6897940635681152 0
0.7900269627571106 0
0.6470164656639099 0
0.6561803817749023 0
0.6398231983184814 0
0.7729951739311218 0
0.7416569590568542 0
0.7574518322944641 0
0.7410786747932434 0
0.8008490204811096 0
0.6770679950714111 0
0.7106594443321228 0
0.6356983780860901 0
0.7589655518531799 0
0.7948541641235352 0
0.788565456867218 0
0.7751762270927429 0
0.66546231508255 0
0.7640163898468018 0
0.7960578799247742 0
0.714461088180542 0
0.8018963932991028 0
0.7621461153030396 0
0.6481569409370422 0
0.7133591175079346 0
0.8013073801994324 0
0.7488370537757874 0
0.8414862155914307 0
0.17936737835407257 0
0.2148243486881256 0
0.11535682529211044 0
0.14397023618221283 0
0.17637872695922852 0
0.20138497650623322 0
0.23315374553203583 0
0.3095518946647644 0
0.2615905702114105 0
0.1567700356245041 0
0.14620719850063324 0
0.12806536257266998 0
0.194593608379364 0
0.21543091535568237 0
0.19915327429771423 0
0.03729343041777611 0
0.14436449110507965 0
0.13586823642253876 0
0.0399523563683033 0
0.00795807410031557 0
0.06314518302679062 0
0.06963901966810226 0
0.04046475887298584 0
0.0568074993789196 0
0.011534617282450199 0
0.07364778965711594 0
0.07918185740709305 0
0.036989644169807434 0
0.08046388626098633 0
0.9006716012954712 1
0.927213728427887 1
0.9580239057540894 1
0.8490685820579529 1
0.9222548007965088 1
0.901515543460846 1
0.9081830978393555 1
0.9640533328056335 1
0.9259108304977417 1
0.9656031131744385 1
0.9131008982658386 1
0.9029647707939148 1
0.8708581924438477 1
0.9517367482185364 1
0.9382513761520386 1
0.9401851296424866 1
0.9289920330047607 1
0.9721634387969971 1
0.9168258905410767 1
0.9397264122962952 1
0.9374927282333374 1
0.9370287656784058 1
0.9581348896026611 1
0.7927794456481934 1
0.9408903121948242 1
0.9266684055328369 1
0.8913030624389648 1
0.9415794610977173 1
0.9614065885543823 1
0.949638307094574 1
0.9258677363395691 1
0.8933490514755249 1
0.9106082320213318 1
0.8808383345603943 1
0.9336559176445007 1
0.9657890796661377 1
0.8429104089736938 1
0.9318197965621948 1
0.9446212649345398 1
0.9098345041275024 1
0.930695652961731 1
0.9271305799484253 1
0.5946076512336731 0
0.7058278322219849 0
0.5698785185813904 0
0.6534321904182434 0
0.6867097616195679 0
0.7559943199157715 0
0.5775019526481628 0
0.6729385256767273 0
0.6672258377075195 0
0.7007792592048645 0
0.9185107946395874 1
0.906700849533081 1
0.9017509818077087 1
0.8683513402938843 1
0.9462478160858154 1
0.7803488969802856 1
0.9427844882011414 1
0.9160549640655518 1
0.8413041234016418 1
0.864097535610199 1
0.9429675340652466 1
0.9104709625244141 1
0.9409376978874207 1
0.9449884295463562 1
0.8618102669715881 1
0.8988749384880066 1
0.8310292363166809 1
0.9346204996109009 1
0.911796510219574 1
0.8645980954170227 1
0.8580206036567688 1
0.935482919216156 1
0.9368929862976074 1
0.8713947534561157 1
0.877928614616394 1
0.9405815601348877 1
0.9192317724227905 1
0.955681562423706 1
0.89948970079422 1
0.8942671418190002 1
0.9190789461135864 1
0.8883862495422363 1
0.7664394974708557 0
0.7679026126861572 0
0.7603307962417603 0
0.8448320627212524 0
0.7623738646507263 0
0.7150692343711853 0
0.7142685651779175 0
0.7667011618614197 0
0.7113995552062988 0
0.8234475255012512 0
0.7628339529037476 0
0.702356219291687 0
0.7300063967704773 0
0.6447388529777527 0
0.7504665851593018 0
0.8072201609611511 0
0.7699859142303467 0
0.6846713423728943 0
0.6860879063606262 0
0.8365466594696045 0
0.6928814053535461 0
0.696067214012146 0
0.7947354912757874 0
0.8140776753425598 0
0.7503165006637573 0
0.7980958223342896 0
0.7817270755767822 0
0.6944983005523682 0
0.7511182427406311 0
0.7773962020874023 0
0.8586571216583252 0
0.8104143142700195 0
0.8008937239646912 0
0.7873677015304565 0
0.7248586416244507 0
0.800550103187561 0
0.7989464998245239 0
0.7429355978965759 0
0.7873040437698364 0
0.8146922588348389 0
0.7578225135803223 0
0.7832990288734436 0
0.742034375667572 0
0.6747998595237732 0
0.7440655827522278 0
0.7564879655838013 0
0.8057500123977661 0
0.7728587985038757 0
0.7074403762817383 0
0.8234586715698242 0
0.8005043268203735 0
0.8538690805435181 0
0.8689723610877991 0
0.853792667388916 0
0.7508646249771118 0
0.7819331288337708 0
0.7608391642570496 0
0.7925121188163757 0
0.804415762424469 0
0.56398606300354 0
0.8144702315330505 0
0.8072710633277893 0
0.5497395396232605 0
0.6648096442222595 0
0.7694268822669983 0
0.6199535131454468 0
0.7676436305046082 0
0.6989813446998596 0
0.8704121112823486 0
0.8212321996688843 0
0.7319998145103455 0
0.7078262567520142 0
0.8515389561653137 0
0.4491656422615051 0
0.544645369052887 0
0.5417338609695435 0
0.4767015278339386 0
0.470132440328598 0
0.3653720021247864 0
0.31510400772094727 0
0.6534000635147095 0
0.30900898575782776 0
0.3865145742893219 0
0.44056323170661926 0
0.3158292770385742 0
0.4518158435821533 0
0.36801502108573914 0
0.1985120326280594 0
0.18024693429470062 0
0.19684354960918427 0
0.2865280210971832 0
0.30634307861328125 0
0.4231838285923004 0
0.20447947084903717 0
0.11406713724136353 0
0.23224607110023499 0
0.20179466903209686 0
0.3620002865791321 0
0.35629934072494507 0
0.2493758350610733 0
0.2507514953613281 0
0.3638573884963989 0
0.6433003544807434 0
0.6780496835708618 0
0.5933290123939514 0
0.738876223564148 0
0.5299555659294128 0
0.6377430558204651 0
0.6930387616157532 0
0.6785246729850769 0
0.7139368057250977 0
0.6988149881362915 0
0.6325123310089111 0
0.5798803567886353 0
0.5390064716339111 0
0.6018880605697632 0
0.621631920337677 0
0.6406978964805603 0
0.7141563296318054 0
0.693840742111206 0
0.7648808360099792 0
0.6314455270767212 0
0.7133603096008301 0
0.6248052716255188 0
0.6907973289489746 0
0.564061164855957 0
0.6629666686058044 0
0.7455203533172607 0
0.7695971131324768 0
0.7348693609237671 0
0.6972415447235107 0
0.5940321683883667 0
0.6009777784347534 0
0.7258662581443787 0
0.6083256006240845 0
0.6466147303581238 0
0.5834795236587524 0
0.6320004463195801 0
0.6522781848907471 0
0.6874776482582092 0
0.6750924587249756 0
0.6966308951377869 0
0.6628913283348083 0
0.6361833214759827 0
0.8886853456497192 1
0.8862707018852234 1
0.8523831963539124 1
0.8753278851509094 1
0.9442397356033325 1
0.9481741189956665 1
0.9450531601905823 1
0.9410738348960876 1
0.9434722661972046 1
0.8669787645339966 1
0.9374580979347229 1
0.8473149538040161 1
0.861805260181427 1
0.9323787093162537 1
0.8150550127029419 1
0.8284046053886414 1
0.8350234031677246 1
0.95341956615448 1
0.6899606585502625 1
0.9295280575752258 1
0.9680821895599365 1
0.9090210199356079 1
0.842650294303894 1
0.9481223821640015 1
0.7524499893188477 1
0.7571408152580261 1
0.8504451513290405 1
0.909676730632782 1
0.8497918844223022 1
0.9131620526313782 1
0.8829320073127747 1
0.9130628705024719 1
0.876925528049469 1
0.8674190640449524 1
0.9241647124290466 1
0.934820294380188 1
0.8777018785476685 1
0.8481736183166504 1
0.8913618326187134 1
0.9410961866378784 1
0.8911399245262146 1
0.8478646278381348 1
0.789577066898346 0
0.8266713619232178 0
0.7933748364448547 0
0.8380030393600464 0
0.8346815705299377 0
0.784591019153595 0
0.7641195058822632 0
0.8140143752098083 0
0.7610536217689514 0
0.8294630646705627 0
0.8009787201881409 0
0.7461835741996765 0
0.7634909152984619 0
0.7156199216842651 0
0.8494259715080261 0
0.8923221230506897 0
0.6888325810432434 0
0.7424759268760681 0
0.7822479605674744 0
0.6715116500854492 0
0.8417524099349976 0
0.6583117842674255 0
0.8073579668998718 0
0.7415816783905029 0
0.7820956707000732 0
0.7886846661567688 0
0.7347955107688904 0
0.747688889503479 0
0.7209896445274353 0
0.5918218493461609 0
0.8081300258636475 0
0.7813984751701355 0
0.8859298825263977 0
0.7347114086151123 0
0.8117793202400208 0
0.7525225281715393 0
0.7521753907203674 0
0.8139795064926147 0
0.8032912015914917 0
0.823185384273529 0
0.8185969591140747 0
0.7499666213989258 0
0.7019481062889099 0
0.7853447198867798 0
0.690892219543457 0
0.7689303159713745 0
0.749937891960144 0
0.7461636662483215 0
0.7323780655860901 0
0.7851341366767883 0
0.6479267477989197 0
0.5741856098175049 0
0.7252911925315857 0
0.796227753162384 0
0.718620777130127 0
0.7901505827903748 0
0.6558197140693665 0
0.7900822162628174 0
0.6228667497634888 0
0.6437392830848694 0
0.8130592107772827 0
0.7249200940132141 0
0.681117832660675 0
0.6774437427520752 0
0.7132589817047119 0
0.7490396499633789 0
0.7139376401901245 0
0.7002636194229126 0
0.7269331216812134 0
0.6974130868911743 0
0.6103838682174683 0
0.7241588234901428 0
0.7567958831787109 0
0.4528398811817169 0
0.5328986644744873 0
0.5807086229324341 0
0.4496520161628723 0
0.4703412652015686 0
0.4388597309589386 0
0.3433312177658081 0
0.494705468416214 0
0.4547973573207855 0
0.5934650897979736 0
0.39708396792411804 0
0.6052467823028564 0
0.39495065808296204 0
0.48967716097831726 0
0.25139766931533813 0
0.38405779004096985 0
0.2402447909116745 0
0.30931052565574646 0
0.20286518335342407 0
0.19436676800251007 0
0.36618050932884216 0
0.3540928065776825 0
0.3032510280609131 0
0.3727155327796936 0
0.4980895221233368 0
0.6053705215454102 0
0.24332283437252045 0
0.28150174021720886 0
0.28572431206703186 0
0.6330459713935852 0
0.68375164270401 0
0.6487410664558411 0
0.6076818704605103 0
0.6184614896774292 0
0.6079713702201843 0
0.6788086295127869 0
0.6295174360275269 0
0.6432468295097351 0
0.687682032585144 0
0.6500287055969238 0
0.505454421043396 0
0.5709595680236816 0
0.5990608930587769 0
0.5974938273429871 0
0.7512416839599609 0
0.6217600703239441 0
0.7885988354682922 0
0.7187503576278687 0
0.6942242383956909 0
0.7810655236244202 0
0.7121389508247375 0
0.7300971150398254 0
0.5556906461715698 0
0.7360002994537354 0
0.6616066098213196 0
0.8028034567832947 0
0.5532318353652954 0
0.6536121964454651 0
0.7304957509040833 0
0.5864651203155518 0
0.6446885466575623 0
0.7744008302688599 0
0.6735114455223083 0
0.48828744888305664 0
0.6334121227264404 0
0.6788607835769653 0
0.7249693870544434 0
0.7119558453559875 0
0.7841563820838928 0
0.6471092104911804 0
0.6080154180526733 0
0.9230777621269226 1
0.9248925447463989 1
0.9280409812927246 1
0.9213483333587646 1
0.8039901852607727 1
0.8821302056312561 1
0.8548230528831482 1
0.9018909931182861 1
0.8981753587722778 1
0.9162574410438538 1
0.8814221024513245 1
0.922494113445282 1
0.8963090181350708 1
0.8725608587265015 1
0.9184842109680176 1
0.9182484745979309 1
0.8295196294784546 1
0.9328716993331909 1
0.902725875377655 1
0.9124501943588257 1
0.8527389764785767 1
0.9257394671440125 1
0.8053914904594421 1
0.9231978058815002 1
0.9146186709403992 1
0.9174566864967346 1
0.8563658595085144 1
0.9009930491447449 1
0.9442152380943298 1
0.9294116497039795 1
0.875412106513977 1
0.900085985660553 1
0.8538846373558044 1
0.8544569611549377 1
0.9466357231140137 1
0.8140875101089478 1
0.9641059637069702 1
0.8355758190155029 1
0.8523193597793579 1
0.8929077386856079 1
0.9173607230186462 1
0.9207967519760132 1
0.7896696925163269 0
0.6934384703636169 0
0.6410561203956604 0
0.69336998462677 0
0.7875284552574158 0
0.598597526550293 0
0.7326949238777161 0
0.6876612305641174 0
0.6395382881164551 0
0.7367175221443176 0
0.6986827850341797 0
0.6463909149169922 0
0.7883355021476746 0
0.7775976657867432 0
0.73369300365448 0
0.9816649556159973 1
0.9433417320251465 1
0.8959488868713379 1
0.9048541188240051 1
0.9558707475662231 1
0.9199803471565247 1
0.9183725118637085 1
0.9215091466903687 1
0.9451190829277039 1
0.9693616032600403 1
0.9256200194358826 1
0.9410145878791809 1
0.9336703419685364 1
0.9212247133255005 1
0.9044806361198425 1
0.8463363647460938 0
0.7594850659370422 0
0.8942162394523621 0
0.8935050964355469 0
0.829225480556488 0
0.906549870967865 0
0.91213059425354 0
0.8324693441390991 0
0.7994852662086487 0
0.8380417227745056 0
0.862374484539032 0
0.8808459639549255 0
0.855207622051239 0
0.8743236064910889 0
0.9030724167823792 0
0.8480772376060486 0
0.8874805569648743 0
0.8872203230857849 0
0.8754461407661438 0
0.8062537312507629 0
0.8648505210876465 0
0.8517325520515442 0
0.7386367917060852 0
0.8195409774780273 0
0.8607335090637207 0
0.7444677948951721 0
0.8152192831039429 0
0.9094041585922241 0
0.8237270712852478 0
0.683874249458313 0
0.7396529316902161 0
0.28084397315979004 0
0.8215582370758057 0
0.8565860986709595 0
0.7504175901412964 0
0.8091097474098206 0
0.9038639664649963 0
0.8586855530738831 0
0.7074650526046753 0
0.8165781497955322 0
0.7052766680717468 0
0.8641691207885742 0
0.2753104269504547 0
0.313507080078125 0
0.3441265821456909 0
0.34324806928634644 0
0.3458080589771271 0
0.21889878809452057 0
0.3603735566139221 0
0.28610658645629883 0
0.2737734317779541 0
0.3315337300300598 0
0.3360908329486847 0
0.30672353506088257 0
0.16722992062568665 0
0.2777966856956482 0
0.22964060306549072 0
0.13766546547412872 0
0.17978543043136597 0
0.18811535835266113 0
0.1699354648590088 0
0.3021865785121918 0
0.16690707206726074 0
0.12607964873313904 0
0.1795388013124466 0
0.2804666757583618 0
0.3313664495944977 0
0.29870960116386414 0
0.18720494210720062 0
0.26078709959983826 0
0.23213541507720947 0
0.76499342918396 0
0.5625432729721069 0
0.7030589580535889 0
0.556368350982666 0
0.6642568111419678 0
0.6325510740280151 0
0.6699375510215759 0
0.6674960851669312 0
0.7583812475204468 0
0.699129581451416 0
0.6260192394256592 0
0.7028422355651855 0
0.6144770979881287 0
0.7630866169929504 0
0.6036974787712097 0
0.6394292712211609 0
0.6131560802459717 0
0.6742552518844604 0
0.6525579690933228 0
0.6346736550331116 0
0.7671379446983337 0
0.5803007483482361 0
0.6191805601119995 0
0.7015299201011658 0
0.7463650703430176 0
0.7465197443962097 0
0.6553733348846436 0
0.7543195486068726 0
0.5632799863815308 0
0.7094478607177734 0
0.7459598779678345 0
0.6464584469795227 0
0.5327884554862976 0
0.6531335711479187 0
0.6723690629005432 0
0.672137975692749 0
0.6133294105529785 0
0.7132672667503357 0
0.7774857878684998 0
0.7476772665977478 0
0.6753644943237305 0
0.7196277976036072 0
0.7531866431236267 0
0.7656052112579346 0
0.8042429685592651 0
0.7661445736885071 0
0.678205668926239 0
0.7993834018707275 0
0.7119794487953186 0
0.7976152896881104 0
0.7467262148857117 0
0.7825015783309937 0
0.6617901921272278 0
0.7123523354530334 0
0.7834344506263733 0
0.7047529220581055 0
0.8376399278640747 0
0.7805414795875549 0
0.7193575501441956 0
0.7242206335067749 0
0.7592029571533203 0
0.7775510549545288 0
0.7243974804878235 0
0.75874924659729 0
0.7477971315383911 0
0.7896276712417603 0
0.7281928658485413 0
0.5602190494537354 0
0.7996604442596436 0
0.7998754978179932 0
0.6375853419303894 0
0.6776098608970642 0
0.7307863235473633 0
0.8744208216667175 0
0.7921417951583862 0
0.6881570219993591 0
0.8231604099273682 0
0.7309641242027283 0
0.7077842950820923 0
0.7530345320701599 0
0.7951407432556152 0
0.7477247714996338 0
0.7316442728042603 0
0.6999309659004211 0
0.7475928068161011 0
0.8950939178466797 1
0.8854016661643982 1
0.8853074908256531 1
0.9344411492347717 1
0.9209099411964417 1
0.8959383368492126 1
0.9082263112068176 1
0.8909124135971069 1
0.975401759147644 1
0.9641554355621338 1
0.9524157643318176 1
0.8803348541259766 1
0.8776991367340088 1
0.8928207755088806 1
0.9330974817276001 1
0.9313831329345703 1
0.9562866687774658 1
0.9067575931549072 1
0.9387856721878052 1
0.9691696763038635 1
0.9205625057220459 1
0.8880904316902161 1
0.9299724698066711 1
0.9283425807952881 1
0.9382356405258179 1
0.941443145275116 1
0.9023692011833191 1
0.9551244974136353 1
0.9526465535163879 1
0.9540885090827942 1
0.7989761829376221 0
0.8051459193229675 0
0.8246666193008423 0
0.8456990122795105 0
0.8764565587043762 0
0.776908814907074 0
0.8297039270401001 0
0.7643594145774841 0
0.8684080839157104 0
0.8462961316108704 0
0.7773720622062683 0
0.8195998072624207 0
0.7035427689552307 0
0.8863709568977356 0
0.8386124968528748 0
0.8012781739234924 0
0.9063560962677002 0
0.8918932676315308 0
0.8395699262619019 0
0.8649382591247559 0
0.837696373462677 0
0.8463453650474548 0
0.8122656345367432 0
0.8160226345062256 0
0.8415684700012207 0
0.7988643050193787 0
0.861622154712677 0
0.808527946472168 0
0.7969068288803101 0
0.8155850768089294 0
0.8636162281036377 0
0.8635812997817993 0
0.8206056952476501 0
0.8123452067375183 0
0.8396909236907959 0
0.7326487302780151 0
0.8716812133789062 0
0.8846842050552368 0
0.8520176410675049 0
0.8516939878463745 0
0.8830627799034119 0
0.8442203998565674 0
0.3691447079181671 0
0.3558626174926758 0
0.32139497995376587 0
0.3713659644126892 0
0.37224704027175903 0
0.31115779280662537 0
0.3178991675376892 0
0.29306620359420776 0
0.2587715983390808 0
0.2519063353538513 0
0.3103421628475189 0
0.4260663390159607 0
0.22613050043582916 0
0.22912141680717468 0
0.18534015119075775 0
0.12121053785085678 0
0.2210012823343277 0
0.18186579644680023 0
0.17673300206661224 0
0.2919446527957916 0
0.2330750972032547 0
0.24832141399383545 0
0.2101536989212036 0
0.17644092440605164 0
0.23410609364509583 0
0.27591991424560547 0
0.21815602481365204 0
0.2206984907388687 0
0.2085295021533966 0
0.4672619104385376 0
0.6181867122650146 0
0.6658198237419128 0
0.691809892654419 0
0.6504355072975159 0
0.5953651666641235 0
0.6439427137374878 0
0.5774952173233032 0
0.5400378108024597 0
0.6325400471687317 0
0.6100631952285767 0
0.6575260758399963 0
0.5902448296546936 0
0.755571186542511 0
0.6514012813568115 0
0.6411153078079224 0
0.5754132866859436 0
0.7299168705940247 0
0.7227092981338501 0
0.5867288112640381 0
0.6570890545845032 0
0.7137924432754517 0
0.6172540187835693 0
0.757529616355896 0
0.6464908719062805 0
0.5299950242042542 0
0.5446181297302246 0
0.7557776570320129 0
0.5220574140548706 0
0.6203393340110779 0
0.7485197186470032 0
0.7423335313796997 0
0.6947441697120667 0
0.7308118939399719 0
0.6843612194061279 0
0.6695335507392883 0
0.6200398206710815 0
0.6357932090759277 0
0.6519403457641602 0
0.605920672416687 0
0.6463620066642761 0
0.6205353140830994 0
0.6866351366043091 0
0.7940965890884399 0
0.6820926070213318 0
0.8253000378608704 0
0.7530747056007385 0
0.7699856758117676 0
0.825164258480072 0
0.7262621521949768 0
0.794661819934845 0
0.7662582397460938 0
0.7176081538200378 0
0.8194151520729065 0
0.843170166015625 0
0.7282876372337341 0
0.8169748187065125 0
0.766470193862915 0
0.7691326141357422 0
0.774821400642395 0
0.7899907231330872 0
0.6952893733978271 0
0.7877023220062256 0
0.8261774182319641 0
0.8229366540908813 0
0.8226169347763062 0
0.5291842818260193 0
0.8551977872848511 0
0.7170932292938232 0
0.5813808441162109 0
0.6851606965065002 0
0.7143534421920776 0
0.8019880056381226 0
0.8486079573631287 0
0.8036899566650391 0
0.6320002675056458 0
0.8641119599342346 0
0.7703366279602051 0
0.7400700449943542 0
0.8647948503494263 0
0.8384740352630615 0
0.6825238466262817 0
0.8541597723960876 0
0.7842828035354614 0
0.8494642972946167 0
0.8044401407241821 0
0.8441684246063232 0
0.8353077173233032 0
0.7652084827423096 0
0.752384603023529 0
0.8492342829704285 0
0.9222280383110046 0
0.8744130730628967 0
0.8670443296432495 0
0.8868255615234375 0
0.8973819017410278 0
0.8296625018119812 0
0.8822291493415833 0
0.9175822138786316 0
0.8477025032043457 0
0.8591735363006592 0
0.8398167490959167 0
0.8727684020996094 0
0.8478745222091675 0
0.9021766185760498 0
0.860133945941925 0
0.8005144000053406 0
0.6868368983268738 0
0.7336297631263733 0
0.8923157453536987 0
0.8056147694587708 0
0.8385933637619019 0
0.8298738598823547 0
0.8662912845611572 0
0.6393705010414124 0
0.9140576124191284 1
0.8968558311462402 1
0.8654091358184814 1
0.9072223901748657 1
0.922275185585022 1
0.9031656980514526 1
0.9266374111175537 1
0.8239785432815552 1
0.8828390836715698 1
0.9336695671081543 1
0.9226678013801575 1
0.8823787569999695 1
0.9190524220466614 1
0.9240885376930237 1
0.8591612577438354 1
0.9442520141601562 1
0.9131700396537781 1
0.9158479571342468 1
0.8781592845916748 1
0.8456449508666992 1
0.9124945402145386 1
0.8725945949554443 1
0.9309641718864441 1
0.9212467074394226 1
0.9605727791786194 1
0.8959072232246399 1
0.8624216318130493 1
0.9318451285362244 1
0.9484437108039856 1
0.8856653571128845 1
0.8930273056030273 1
0.6879482269287109 1
0.8385823965072632 1
0.9017985463142395 1
0.853701114654541 1
0.8849740028381348 1
0.8735764622688293 1
0.8958497047424316 1
0.7376986145973206 1
0.8685011267662048 1
0.9462323784828186 1
0.8020055890083313 1
0.274697870016098 0
0.3709334135055542 0
0.27768436074256897 0
0.3514878749847412 0
0.232750803232193 0
0.46909233927726746 0
0.17932425439357758 0
0.13051867485046387 0
0.27541351318359375 0
0.32099461555480957 0
0.1204170510172844 0
0.15722224116325378 0
0.17723210155963898 0
0.30984148383140564 0
0.27750033140182495 0
0.12775181233882904 0
0.1785416305065155 0
0.12439271807670593 0
0.20138022303581238 0
0.12182164937257767 0
0.08731390535831451 0
0.3048844337463379 0
0.253953754901886 0
0.2800760269165039 0
0.0961180031299591 0
0.2694006860256195 0
0.12641838192939758 0
0.2622224986553192 0
0.2183041125535965 0
0.7530415654182434 0
0.6264457106590271 0
0.8048822283744812 0
0.7118764519691467 0
0.7080617547035217 0
0.760754406452179 0
0.7221806645393372 0
0.7048578262329102 0
0.7423546314239502 0
0.7356452345848083 0
0.6395425796508789 0
0.7175114750862122 0
0.6401282548904419 0
0.6125942468643188 0
0.7060765027999878 0
0.7394041419029236 0
0.6323849558830261 0
0.6764485239982605 0
0.7524816989898682 0
0.7400369048118591 0
0.8450223207473755 0
0.8078964352607727 0
0.5787196755409241 0
0.648815393447876 0
0.8024889826774597 0
0.6805216073989868 0
0.7592533230781555 0
0.6028725504875183 0
0.6919823884963989 0
0.7866272330284119 0
0.8131735324859619 0
0.6298414468765259 0
0.6209784746170044 0
0.5133893489837646 0
0.892419159412384 0
0.6753538250923157 0
0.6992158889770508 0
0.7926941514015198 0
0.7946234941482544 0
0.6306971311569214 0
0.7731348872184753 0
0.6291980147361755 0
0.7744696140289307 0
0.7408386468887329 0
0.6729210615158081 0
0.8235906958580017 0
0.6433486938476562 0
0.8085846304893494 0
0.782525897026062 0
0.8064766526222229 0
0.8157223463058472 0
0.8229519724845886 0
0.8877180814743042 0
0.7648906111717224 0
0.8412973284721375 0
0.7724655866622925 0
0.6324600577354431 0
0.7929107546806335 0
0.8095438480377197 0
0.8703282475471497 0
0.7700464725494385 0
0.7851964831352234 0
0.8032414317131042 0
0.7559744119644165 0
0.8268779516220093 0
0.7562088370323181 0
0.7884020805358887 0
0.7882285714149475 0
0.7899534106254578 0
0.7641550302505493 0
0.6286983489990234 0
0.6479753255844116 0
0.8395968675613403 0
0.7178135514259338 0
0.8365341424942017 0
0.710317075252533 0
0.8121234774589539 0
0.7964956760406494 0
0.7328927516937256 0
0.7848776578903198 0
0.7926022410392761 0
0.7648724913597107 0
0.617320716381073 0
0.6827309727668762 0
0.7817831635475159 0
0.7847041487693787 0
0.8729233145713806 0
0.8242024779319763 0
0.7746362686157227 0
0.8407749533653259 0
0.883247971534729 0
0.7169944643974304 0
0.8630450367927551 0
0.8963862061500549 0
0.8219484686851501 0
0.850741446018219 0
0.8066579699516296 0
0.839974045753479 0
0.8517382740974426 0
0.8999000787734985 0
0.8690320253372192 0
0.8614667057991028 0
0.8305723071098328 0
0.8325177431106567 0
0.8239474892616272 0
0.8530954122543335 0
0.8219659924507141 0
0.9063168168067932 0
0.8502694964408875 0
0.8305793404579163 0
0.8157709836959839 0
0.7847728133201599 0
0.7341358661651611 0
0.8141313195228577 0
0.8823948502540588 1
0.8480122089385986 1
0.8285226821899414 1
0.9429570436477661 1
0.9233250617980957 1
0.8744094371795654 1
0.8810341954231262 1
0.893492579460144 1
0.9438747763633728 1
0.936365008354187 1
0.9163756966590881 1
0.9156566262245178 1
0.8249333500862122 1
0.8874438405036926 1
0.934735894203186 1
0.927489161491394 1
0.9184622764587402 1
0.9426432847976685 1
0.9341945052146912 1
0.9525476694107056 1
0.7495234608650208 1
0.9062593579292297 1
0.9202545285224915 1
0.896314799785614 1
0.815126895904541 1
0.8983407616615295 1
0.9647464752197266 1
0.9241276979446411 1
0.9138948917388916 1
0.806593656539917 1
1.0000001192092896 1
0.817206859588623 1
0.804957389831543 1
0.8877226710319519 1
0.9213141798973083 1
0.9266840219497681 1
0.8368757963180542 1
0.7812645435333252 1
0.8806013464927673 1
0.9091013669967651 1
0.9043124318122864 1
0.831525444984436 1
0.903239905834198 1
0.4570451080799103 0
0.5447534918785095 0
0.4329295754432678 0
0.28117984533309937 0
0.2733316123485565 0
0.5201259851455688 0
0.22864048182964325 0
0.3250097334384918 0
0.01868530921638012 0
0.43345630168914795 0
0.50432950258255 0
0.3769872486591339 0
0.4510704278945923 0
0.32196417450904846 0
0.19333027303218842 0
0.1867028921842575 0
0.15826517343521118 0
0.22365206480026245 0
0.114674873650074 0
0.2823435068130493 0
0.043959230184555054 0
0.1704317331314087 0
0.10436724126338959 0
0.10272867977619171 0
0.2194461226463318 0
0.18477745354175568 0
0.21905046701431274 0
0.1296459287405014 0
0.24512746930122375 0
0.7598166465759277 0
0.6841539144515991 0
0.8195546269416809 0
0.6124215722084045 0
0.6812604665756226 0
0.7577410340309143 0
0.6436540484428406 0
0.6633998155593872 0
0.828569769859314 0
0.7835221886634827 0
0.7020938992500305 0
0.724686324596405 0
0.7205512523651123 0
0.7606574296951294 0
0.4990885853767395 0
0.8354343175888062 0
0.7973846197128296 0
0.8116670846939087 0
0.7531177401542664 0
0.8149253726005554 0
0.6658679842948914 0
0.7894810438156128 0
0.7649590969085693 0
0.703582763671875 0
0.7733943462371826 0
0.7258039116859436 0
0.8190328478813171 0
0.7192243933677673 0
0.8354172110557556 0
0.8265655040740967 0
0.7201351523399353 0
0.8612102270126343 0
0.833151638507843 0
0.7020589113235474 0
0.6349666118621826 0
0.6673164367675781 0
0.6910322904586792 0
0.8076629042625427 0
0.8542448878288269 0
0.6518236994743347 0
0.804656982421875 0
0.7389667630195618 0
0.7222393751144409 0
0.6895108222961426 0
0.70569908618927 0
0.7114829421043396 0
0.754074215888977 0
0.8000748157501221 0
0.7873324751853943 0
0.7419041395187378 0
0.8416767120361328 0
0.7936757206916809 0
0.7187188863754272 0
0.8343779444694519 0
0.8399680256843567 0
0.759626567363739 0
0.7557714581489563 0
0.7440864443778992 0
0.713452160358429 0
0.7552955746650696 0
0.7831220626831055 0
0.8029555082321167 0
0.7349416017532349 0
0.6894968152046204 0
0.7716693878173828 0
0.870423436164856 0
0.6947717070579529 0
0.7779645919799805 0
0.7516038417816162 0
0.740317702293396 0
0.6947712302207947 0
0.8049564957618713 0
0.7337672710418701 0
0.8659788370132446 0
0.7333161234855652 0
0.8106349110603333 0
0.6767970323562622 0
0.7833017110824585 0
0.8505921363830566 0
0.7567816376686096 0
0.8563722372055054 0
0.4905100166797638 0
0.4977056682109833 0
0.41013503074645996 0
0.3565768301486969 0
0.3948633670806885 0
0.3228286802768707 0
0.31218239665031433 0
0.36020588874816895 0
0.23378072679042816 0
0.30494794249534607 0
0.34812262654304504 0
0.33151182532310486 0
0.402002215385437 0
0.30085334181785583 0
0.3644436299800873 0
0.258202463388443 0
0.3463788330554962 0
0.2807195484638214 0
0.31267887353897095 0
0.22841663658618927 0
0.3999444544315338 0
0.36393052339553833 0
0.3535996079444885 0
0.2848201096057892 0
0.44879773259162903 0
0.31246137619018555 0
0.4218175709247589 0
0.3117603361606598 0
0.26391491293907166 0
0.36113476753234863 0
0.3013598620891571 0
0.4046660363674164 0
0.3233533203601837 0
0.2874448597431183 0
0.3775131106376648 0
0.3950098752975464 0
0.20454923808574677 0
0.42528942227363586 0
0.2566978931427002 0
0.39706990122795105 0
0.33274737000465393 0
0.3202899992465973 0
0.3164059519767761 0
0.3800780475139618 0
0.23578085005283356 0
0.2515905499458313 0
0.35586071014404297 0
0.29317665100097656 0
0.34497302770614624 0
0.3011913597583771 0
0.40853917598724365 0
0.2521352767944336 0
0.3488270342350006 0
0.3671899139881134 0
0.3703961968421936 0
0.4562727212905884 0
0.29217728972435 0
0.42356112599372864 0
0.21015402674674988 0
0.13618101179599762 0
0.33927616477012634 0
0.345083624124527 0
0.3832404613494873 0
0.21537458896636963 0
0.26047077775001526 0
0.4074871838092804 0
0.43212971091270447 0
0.2564331889152527 0
0.4736233353614807 0
0.3375360667705536 0
0.3852214813232422 0
0.30414193868637085 0
0.2710295021533966 0
0.13425755500793457 0
0.30327108502388 0
0.26577287912368774 0
0.8652641177177429 1
0.9267832636833191 1
0.9131791591644287 1
0.9052736163139343 1
0.9335499405860901 1
0.9230106472969055 1
0.8102330565452576 1
0.9084288477897644 1
0.939208447933197 1
0.9279873371124268 1
0.9471592903137207 1
0.9210394024848938 1
0.8514392375946045 1
0.87906813621521 1
0.708984911441803 1
0.7011722922325134 1
0.7428078055381775 1
0.691952645778656 1
0.6682858467102051 1
0.7314777970314026 1
0.753696620464325 1
0.7621395587921143 1
0.6997978687286377 1
0.7190709710121155 1
0.7377418875694275 1
0.745911180973053 1
0.654112696647644 1
0.6771383285522461 1
0.7505555152893066 1
0.08851969987154007 0
0.1687951683998108 0
0.12235894054174423 0
0.16739745438098907 0
0.18772369623184204 0
0.19102449715137482 0
0.16622021794319153 0
0.1670379489660263 0
0.25403550267219543 0
0.2108319103717804 0
0.12977637350559235 0
0.15956583619117737 0
0.11684179306030273 0
0.11653834581375122 0
0.2049107551574707 0
0.18174168467521667 0
0.06369101256132126 0
0.25871551036834717 0
0.13853490352630615 0
0.23490850627422333 0
0.16138114035129547 0
0.19284524023532867 0
0.16397178173065186 0
0.08351131528615952 0
0.04786764085292816 0
0.14157849550247192 0
0.1210251972079277 0
-0.03063451498746872 0
0.18637463450431824 0
0.11485607177019119 0
0.20898401737213135 0
0.15495355427265167 0
0.1929698884487152 0
0.2366100400686264 0
0.30389752984046936 0
0.1988920271396637 0
0.1378815621137619 0
0.1978948563337326 0
0.10597135126590729 0
0.1582118570804596 0
0.29104557633399963 0
0.030885489657521248 0
0.285107284784317 0
0.3912695646286011 0
0.4033256471157074 0
0.4240500032901764 0
0.20874065160751343 0
0.2903459370136261 0
0.20631791651248932 0
0.41956382989883423 0
0.19675330817699432 0
0.21975727379322052 0
0.22759269177913666 0
0.2659851610660553 0
0.2160312533378601 0
0.2824912369251251 0
0.3007994592189789 0
0.3220364451408386 0
0.26549994945526123 0
0.37850117683410645 0
0.27144891023635864 0
0.20109888911247253 0
0.3039964735507965 0
0.2661416232585907 0
0.22622978687286377 0
0.24508041143417358 0
0.15457798540592194 0
0.2853662967681885 0
0.36172083020210266 0
0.38833487033843994 0
0.3556881248950958 0
0.35561513900756836 0
0.20681262016296387 0
0.45239248871803284 0
0.2689899802207947 0
0.16119566559791565 0
0.29824894666671753 0
0.3677525818347931 0
0.2602372169494629 0
0.16580165922641754 0
0.2500762641429901 0
0.3602364957332611 0
0.5135180354118347 0
0.3746085464954376 0
0.2286502569913864 0
0.23908883333206177 0
0.2426604926586151 0
0.19216983020305634 0
0.264651894569397 0
0.17491218447685242 0
0.18185457587242126 0
0.2209143489599228 0
0.2570916414260864 0
0.252575546503067 0
0.21508799493312836 0
0.17851881682872772 0
0.1999972015619278 0
0.17915073037147522 0
0.24940621852874756 0
0.16505667567253113 0
0.2788539528846741 0
0.31731948256492615 0
0.10249907523393631 0
0.2024776190519333 0
0.23385338485240936 0
0.2109834998846054 0
0.20922470092773438 0
0.2333078235387802 0
0.23868659138679504 0
0.17548127472400665 0
0.22364671528339386 0
0.20055325329303741 0
0.2819169759750366 0
0.2209368199110031 0
0.20512039959430695 0
0.24093058705329895 0
0.29396069049835205 0
0.3000703454017639 0
0.08828657120466232 0
0.16975055634975433 0
0.2322336584329605 0
0.19576194882392883 0
0.17566491663455963 0
0.22955872118473053 0
0.2961210012435913 0
0.144730806350708 0
0.2651483714580536 0
0.08083600550889969 0
0.13358139991760254 0
0.17810329794883728 0
0.16757890582084656 0
0.28379377722740173 0
0.24403266608715057 0
0.10627621412277222 0
0.19463258981704712 0
0.16067156195640564 0
0.20223908126354218 0
0.2149721086025238 0
0.33186304569244385 0
0.23211579024791718 0
0.20747540891170502 0
0.23783348500728607 0
0.24788855016231537 0
0.3028520941734314 0
0.132775217294693 0
0.40618953108787537 0
0.35082197189331055 0
0.1834309697151184 0
0.09434103965759277 0
0.18071158230304718 0
0.2620716691017151 0
0.10259181261062622 0
0.29567310214042664 0
0.2002083659172058 0
0.0750645101070404 0
0.08623460680246353 0
0.6571033596992493 1
0.6946831345558167 1
0.7425773739814758 1
0.7253758907318115 1
0.8032551407814026 1
0.6631168723106384 1
0.7198373079299927 1
0.7286015152931213 1
0.6603338122367859 1
0.644642174243927 1
0.7771966457366943 1
0.7537117004394531 1
0.7139444351196289 1
0.7372448444366455 1
0.553209662437439 1
0.9011819362640381 1
0.9232799410820007 1
0.9485485553741455 1
0.9005578756332397 1
0.922082245349884 1
0.9430369138717651 1
0.9171521663665771 1
0.9415045380592346 1
0.9299294948577881 1
0.8902854919433594 1
0.9384171366691589 1
0.8855326771736145 1
0.94898521900177 1
0.957676112651825 1
0.06465648859739304 0
