0.9360940456390381 1
0.9419012069702148 1
0.8809955716133118 1
0.9252141118049622 1
0.8742907047271729 1
0.7923123836517334 1
0.9439237713813782 1
0.8883998394012451 1
0.9430279731750488 1
0.8808443546295166 1
0.8183813095092773 1
0.9665929079055786 1
0.9453887939453125 1
0.8540842533111572 1
0.8772115111351013 1
0.8584583401679993 1
0.9480042457580566 1
0.9166114926338196 1
0.8773828744888306 1
0.8802676796913147 1
0.8775904774665833 1
0.8524230718612671 1
0.8838346600532532 1
0.8801980018615723 1
0.9495592713356018 1
0.9347288608551025 1
0.9524585008621216 1
0.8943176865577698 1
0.9204117059707642 1
0.8786077499389648 1
0.8753963708877563 1
0.9394385814666748 1
0.9323248267173767 1
0.9625536203384399 1
0.8739087581634521 1
0.904071033000946 1
0.8971002101898193 1
0.9356703162193298 1
0.9247161746025085 1
0.8544687628746033 1
0.8824178576469421 1
0.8703107237815857 1
0.5157984495162964 0
0.5222325325012207 0
0.5288056135177612 0
0.47161656618118286 0
0.4008699357509613 0
0.5393123626708984 0
0.577919065952301 0
0.6250096559524536 0
0.5028076767921448 0
0.4545397162437439 0
0.5291147232055664 0
0.6488338708877563 0
0.6161051392555237 0
0.5746405124664307 0
0.5563302040100098 0
0.5665922164916992 0
0.4592801630496979 0
0.6550285220146179 0
0.6602829098701477 0
0.5128000378608704 0
0.4261672794818878 0
0.685383677482605 0
0.531147301197052 0
0.44640907645225525 0
0.4280785918235779 0
0.5369580388069153 0
0.40059101581573486 0
0.3674953579902649 0
0.5078313946723938 0
0.692704439163208 0
0.5253227949142456 0
0.6288980841636658 0
0.42895805835723877 0
0.5669735670089722 0
0.40496861934661865 0
0.5708637833595276 0
0.507932186126709 0
0.5175723433494568 0
0.6548581123352051 0
0.46251150965690613 0
0.45117953419685364 0
0.33562880754470825 0
0.6067556738853455 0
0.617752730846405 0
0.6499246954917908 0
0.5962995290756226 0
0.5623750686645508 0
0.6747332215309143 0
0.6179168820381165 0
0.5747308135032654 0
0.6511763334274292 0
0.6627944111824036 0
0.5724213123321533 0
0.5925408601760864 0
0.6574031114578247 0
0.7489104270935059 0
0.694149911403656 0
0.6668779253959656 0
0.629604160785675 0
0.6572599411010742 0
0.5291567444801331 0
0.5543512105941772 0
0.6424623131752014 0
0.6207484006881714 0
0.6975119113922119 0
0.49873411655426025 0
0.6167521476745605 0
0.6860101819038391 0
0.626928985118866 0
0.6681849956512451 0
0.5076720118522644 0
0.6656133532524109 0
0.6194755434989929 0
0.6834600567817688 0
0.6827958822250366 0
0.7867727279663086 0
0.5552200078964233 0
0.723503828048706 0
0.5704406499862671 0
0.6035038232803345 0
0.7764725089073181 0
0.7331507205963135 0
0.7552139759063721 0
0.7382588386535645 0
0.6383392810821533 0
0.6620137691497803 0
0.7537978887557983 0
0.7819504141807556 0
0.7534090876579285 0
0.8151078820228577 0
0.7777937054634094 0
0.7566161155700684 0
0.8457167744636536 0
0.6670696139335632 0
0.6312896013259888 0
0.8506919741630554 0
0.6421100497245789 0
0.5920178294181824 0
0.6925408244132996 0
0.7664458155632019 0
0.744651198387146 0
0.7310221195220947 0
0.6910974383354187 0
0.8418141007423401 0
0.7035847902297974 0
0.8265483975410461 0
0.8006590604782104 0
0.4894050061702728 0
0.6362997889518738 0
0.657982349395752 0
0.7780222296714783 0
0.6437399983406067 0
0.6789041757583618 0
0.6672000885009766 0
0.1425333470106125 0
0.3031226098537445 0
0.17342537641525269 0
0.11148200929164886 0
0.10145176202058792 0
0.10457545518875122 0
0.1858474314212799 0
0.11633528023958206 0
0.07569492608308792 0
0.005768061149865389 0
0.1914214938879013 0
0.12820737063884735 0
0.20366747677326202 0
0.14509539306163788 0
0.11892981827259064 0
0.06222175434231758 0
0.1766691654920578 0
0.2641561031341553 0
0.14897669851779938 0
0.1967553347349167 0
0.1284211128950119 0
0.14778012037277222 0
0.1707337349653244 0
0.16088639199733734 0
0.2578972280025482 0
0.05561453476548195 0
0.14749929308891296 0
0.1248636469244957 0
0.1474149227142334 0
0.9209803938865662 1
0.9501664638519287 1
0.7903674840927124 1
0.9405179619789124 1
0.9261351227760315 1
0.8794988989830017 1
0.8603388667106628 1
0.8269605040550232 1
0.8971862196922302 1
0.9215102791786194 1
0.8050255179405212 1
0.9483039975166321 1
0.9608094692230225 1
0.955540657043457 1
0.916374921798706 1
0.908382773399353 1
0.8197524547576904 1
0.8470674157142639 1
0.8024106025695801 1
0.8345984816551208 1
0.9147855639457703 1
0.965339720249176 1
0.8826460242271423 1
0.8673933744430542 1
0.9067478179931641 1
0.8887287974357605 1
0.8652072548866272 1
0.9586242437362671 1
0.8345073461532593 1
0.8795645236968994 1
0.8857380151748657 1
0.7526597380638123 1
0.8744825124740601 1
0.9112704992294312 1
0.8228408694267273 1
0.9481357336044312 1
0.9189947843551636 1
0.9481449723243713 1
0.850853443145752 1
0.9506093859672546 1
0.9348400235176086 1
0.9143340587615967 1
0.9286860227584839 1
0.5428634881973267 0
0.3606838881969452 0
0.5465591549873352 0
0.520973801612854 0
0.4855838716030121 0
0.4862108528614044 0
0.40614739060401917 0
0.38462576270103455 0
0.5475220084190369 0
0.4814237952232361 0
0.5104175806045532 0
0.5813758969306946 0
0.4690742492675781 0
0.5794225335121155 0
0.64936363697052 0
0.6277387142181396 0
0.6127798557281494 0
0.5317239761352539 0
0.3923891484737396 0
0.5233686566352844 0
0.5749049186706543 0
0.5635676980018616 0
0.6186070442199707 0
0.4449063241481781 0
0.5781359076499939 0
0.4841958284378052 0
0.5267390608787537 0
0.5326985120773315 0
0.3909328281879425 0
0.5296079516410828 0
0.49389275908470154 0
0.5266202688217163 0
0.5575558543205261 0
0.5058233737945557 0
0.44711148738861084 0
0.7229287624359131 0
0.6700258851051331 0
0.4924730360507965 0
0.6159687638282776 0
0.5023727416992188 0
0.33085915446281433 0
0.620688259601593 0
0.5955030918121338 0
0.6264320015907288 0
0.6437261700630188 0
0.5621976256370544 0
0.4740535318851471 0
0.6405228972434998 0
0.642856240272522 0
0.552961528301239 0
0.5495775938034058 0
0.5373772382736206 0
0.5968261957168579 0
0.691860556602478 0
0.5698181986808777 0
0.6656402349472046 0
0.5029300451278687 0
0.6337201595306396 0
0.580100417137146 0
0.531232476234436 0
0.5376072525978088 0
0.6430612802505493 0
0.6802734136581421 0
0.6074992418289185 0
0.5615432262420654 0
0.5847820043563843 0
0.6397463083267212 0
0.6477299332618713 0
0.6584057211875916 0
0.5231626629829407 0
0.6086148023605347 0
0.4742884039878845 0
0.7360456585884094 0
0.6757745742797852 0
0.7345740795135498 0
0.8306693434715271 0
0.7370238304138184 0
0.7530174851417542 0
0.745009183883667 0
0.7377690672874451 0
0.7179943919181824 0
0.8221803307533264 0
0.6872284412384033 0
0.6160620450973511 0
0.7808624505996704 0
0.8018479347229004 0
0.7274612784385681 0
0.8342168927192688 0
0.6777734160423279 0
0.7552037239074707 0
0.6069229245185852 0
0.7447400093078613 0
0.772335410118103 0
0.8195728659629822 0
0.8048244118690491 0
0.8021788597106934 0
0.7311176061630249 0
0.6707034111022949 0
0.6784631013870239 0
0.7632882595062256 0
0.7201482653617859 0
0.7935121059417725 0
0.7885921001434326 0
0.7130638360977173 0
0.8248680830001831 0
0.780051589012146 0
0.6387599110603333 0
0.7893850803375244 0
0.7566319704055786 0
0.683273434638977 0
0.668925940990448 0
0.8101279735565186 0
0.7463779449462891 0
0.8190470337867737 0
0.08037873357534409 0
0.11830327659845352 0
0.07899414002895355 0
0.10349634289741516 0
0.061773572117090225 0
0.09486942738294601 0
0.26336559653282166 0
0.18920771777629852 0
0.15456685423851013 0
0.0983562171459198 0
0.10586430877447128 0
0.26789629459381104 0
0.11552069336175919 0
0.23340155184268951 0
0.06780306994915009 0
0.11295592784881592 0
0.1522219479084015 0
0.12281981855630875 0
0.06885611265897751 0
0.11948271840810776 0
0.1891501098871231 0
0.10318506509065628 0
0.08436866104602814 0
0.16044770181179047 0
0.15474723279476166 0
0.13324801623821259 0
0.15697427093982697 0
0.08439839631319046 0
0.07648572325706482 0
0.8701882362365723 1
0.8624628186225891 1
0.9453913569450378 1
0.8551280498504639 1
0.809807538986206 1
0.8560354113578796 1
0.8536341190338135 1
0.9015902876853943 1
0.8048694133758545 1
0.9083426594734192 1
0.8854891061782837 1
0.8329341411590576 1
0.8811966180801392 1
0.9535396099090576 1
0.8976026177406311 1
0.8275381326675415 1
0.9469391107559204 1
0.9736453294754028 1
0.8546255230903625 1
0.8989055156707764 1
0.9157088994979858 1
0.9326038360595703 1
0.9391160011291504 1
0.8437318205833435 1
0.9069780707359314 1
0.9366719126701355 1
0.920840859413147 1
0.9118471145629883 1
0.9419740438461304 1
0.9575098156929016 1
0.9431266784667969 1
0.8692303895950317 1
0.889675498008728 1
0.8598346710205078 1
0.9374873042106628 1
0.8836219906806946 1
0.8350589275360107 1
0.9028657078742981 1
0.949705183506012 1
0.9105910062789917 1
0.933618426322937 1
0.9051076173782349 1
0.42955297231674194 0
0.5398884415626526 0
0.43191781640052795 0
0.43304750323295593 0
0.5335571765899658 0
0.5757022500038147 0
0.39041706919670105 0
0.4333606958389282 0
0.42227351665496826 0
0.5543603897094727 0
0.9068713188171387 1
0.903760552406311 1
0.8989386558532715 1
0.8820192813873291 1
0.9031748175621033 1
0.8071715831756592 1
0.9084988236427307 1
0.9159277677536011 1
0.8313413858413696 1
0.8895071148872375 1
0.925243079662323 1
0.9178798794746399 1
0.9243677258491516 1
0.8968150615692139 1
0.7923866510391235 1
0.8582179546356201 1
0.7205785512924194 1
0.9073797464370728 1
0.8390897512435913 1
0.8366404175758362 1
0.7996605634689331 1
0.9110432267189026 1
0.9383313059806824 1
0.8710672855377197 1
0.8132171034812927 1
0.8837065100669861 1
0.8877549767494202 1
0.940416157245636 1
0.8551133871078491 1
0.8994017839431763 1
0.9310826659202576 1
0.780190646648407 1
0.6307979226112366 0
0.6606407761573792 0
0.5738075971603394 0
0.6911993622779846 0
0.5849966406822205 0
0.6030029058456421 0
0.6058913469314575 0
0.6184784770011902 0
0.6461166143417358 0
0.6549533009529114 0
0.6924492120742798 0
0.6199541091918945 0
0.5219646692276001 0
0.5304180979728699 0
0.6186671853065491 0
0.7290186882019043 0
0.5970454812049866 0
0.6099575161933899 0
0.5083835124969482 0
0.6876553297042847 0
0.564113438129425 0
0.5747488737106323 0
0.6911554932594299 0
0.6852900385856628 0
0.6520320177078247 0
0.6202478408813477 0
0.6401358842849731 0
0.5926505923271179 0
0.6339834928512573 0
0.638194739818573 0
0.6657059192657471 0
0.7875124216079712 0
0.7289941906929016 0
0.7457988858222961 0
0.6528468132019043 0
0.8004210591316223 0
0.7543969750404358 0
0.681467592716217 0
0.7516257166862488 0
0.7749718427658081 0
0.7655206918716431 0
0.8084468245506287 0
0.6187121272087097 0
0.6069068908691406 0
0.6815518736839294 0
0.6613498330116272 0
0.7551113367080688 0
0.6338822841644287 0
0.7757500410079956 0
0.7375175952911377 0
0.7983062863349915 0
0.7932419180870056 0
0.7964074015617371 0
0.7531639933586121 0
0.7634967565536499 0
0.7400115728378296 0
0.7457891702651978 0
0.7318271994590759 0
0.7304577231407166 0
0.634949266910553 0
0.7412457466125488 0
0.7872464060783386 0
0.5598086714744568 0
0.7475723624229431 0
0.7188228964805603 0
0.6326728463172913 0
0.6463797688484192 0
0.7678399085998535 0
0.8236413598060608 0
0.8421142101287842 0
0.7165864109992981 0
0.7051043510437012 0
0.6835982799530029 0
0.3898732662200928 0
0.47049763798713684 0
0.48535311222076416 0
0.42146703600883484 0
0.43935948610305786 0
0.4125756621360779 0
0.36715075373649597 0
0.4184691309928894 0
0.40829727053642273 0
0.3689872920513153 0
0.34502896666526794 0
0.31633463501930237 0
0.3577113151550293 0
0.37935101985931396 0
0.2096284031867981 0
0.28358596563339233 0
0.28229793906211853 0
0.2763359248638153 0
0.34908372163772583 0
0.2818298637866974 0
0.37199318408966064 0
0.3172645568847656 0
0.34620803594589233 0
0.28120261430740356 0
0.33225777745246887 0
0.25238215923309326 0
0.29314014315605164 0
0.38849538564682007 0
0.34496039152145386 0
0.4632551968097687 0
0.5800330638885498 0
0.386618435382843 0
0.49790674448013306 0
0.37091612815856934 0
0.5603604912757874 0
0.5042311549186707 0
0.5306073427200317 0
0.5293518304824829 0
0.5639008283615112 0
0.482327401638031 0
0.4858001172542572 0
0.3717697560787201 0
0.5368390679359436 0
0.405994176864624 0
0.4829244613647461 0
0.49075260758399963 0
0.5827846527099609 0
0.6598012447357178 0
0.41673123836517334 0
0.5723352432250977 0
0.6182703375816345 0
0.5505488514900208 0
0.5088129639625549 0
0.46753716468811035 0
0.5061450004577637 0
0.6460132002830505 0
0.4576778709888458 0
0.5856354832649231 0
0.4720231294631958 0
0.5603020787239075 0
0.6168533563613892 0
0.6197287440299988 0
0.4185914993286133 0
0.46192872524261475 0
0.6045709252357483 0
0.4576619863510132 0
0.5058413147926331 0
0.6466739773750305 0
0.5080975294113159 0
0.5340398550033569 0
0.4445500671863556 0
0.9080598950386047 1
0.891264796257019 1
0.8677626848220825 1
0.9266518354415894 1
0.8826579451560974 1
0.8490944504737854 1
0.9102604389190674 1
0.9406344294548035 1
0.9228652715682983 1
0.8238668441772461 1
0.8741633296012878 1
0.8384655117988586 1
0.8860899806022644 1
0.8555113673210144 1
0.8779022097587585 1
0.869653046131134 1
0.8194804787635803 1
0.9316625595092773 1
0.7233198881149292 1
0.9322394132614136 1
0.9472089409828186 1
0.8482765555381775 1
0.7968323230743408 1
0.9158514738082886 1
0.8411772847175598 1
0.8136752247810364 1
0.8550524115562439 1
0.9327397346496582 1
0.8113795518875122 1
0.8678615093231201 1
0.9159113764762878 1
0.847566545009613 1
0.8916240930557251 1
0.8394804000854492 1
0.8286823630332947 1
0.9142523407936096 1
0.819097638130188 1
0.8671171069145203 1
0.8929954767227173 1
0.8928077816963196 1
0.8573290705680847 1
0.789063572883606 1
0.6730955243110657 0
0.6543146371841431 0
0.6121748089790344 0
0.6633406281471252 0
0.6510114073753357 0
0.6257057189941406 0
0.5184054970741272 0
0.5537890791893005 0
0.5666918158531189 0
0.6299084424972534 0
0.7219878435134888 0
0.5948765873908997 0
0.6004430651664734 0
0.6013925075531006 0
0.7276460528373718 0
0.7098256945610046 0
0.6545514464378357 0
0.646628737449646 0
0.6956671476364136 0
0.48469629883766174 0
0.7355493903160095 0
0.6006801724433899 0
0.6585624814033508 0
0.6589797139167786 0
0.6696640849113464 0
0.6245037913322449 0
0.6480448842048645 0
0.5326624512672424 0
0.5456992387771606 0
0.5242454409599304 0
0.7694172859191895 0
0.787574052810669 0
0.8590874671936035 0
0.6796835064888 0
0.6903803944587708 0
0.7325060367584229 0
0.7493718266487122 0
0.6903557777404785 0
0.8479620814323425 0
0.7153262495994568 0
0.7777445316314697 0
0.7893438339233398 0
0.7628160119056702 0
0.7405834197998047 0
0.6334547996520996 0
0.7155846953392029 0
0.6575859189033508 0
0.707210898399353 0
0.7251480221748352 0
0.5532469749450684 0
0.6953286528587341 0
0.554776668548584 0
0.7847414016723633 0
0.68337482213974 0
0.7145735025405884 0
0.653235912322998 0
0.7739601731300354 0
0.8261666297912598 0
0.5931656360626221 0
0.736977756023407 0
0.8214025497436523 0
0.8010774850845337 0
0.6258729100227356 0
0.5817241072654724 0
0.6720913648605347 0
0.7166239023208618 0
0.7218042016029358 0
0.7173430323600769 0
0.8149091005325317 0
0.7964549660682678 0
0.7392789721488953 0
0.6951186656951904 0
0.7450186610221863 0
0.2661614716053009 0
0.46507513523101807 0
0.4394497275352478 0
0.3797842264175415 0
0.3573306202888489 0
0.49030569195747375 0
0.3193669021129608 0
0.4031127095222473 0
0.41948917508125305 0
0.5299815535545349 0
0.35887831449508667 0
0.4609394967556 0
0.39546331763267517 0
0.5233809947967529 0
0.2747090756893158 0
0.5109354853630066 0
0.3205347955226898 0
0.4316207468509674 0
0.18513226509094238 0
0.2672714293003082 0
0.3347354531288147 0
0.3953849971294403 0
0.2523212134838104 0
0.41151145100593567 0
0.5059635639190674 0
0.40035146474838257 0
0.3313274085521698 0
0.36710575222969055 0
0.358637273311615 0
0.5164874792098999 0
0.5007976293563843 0
0.4764920771121979 0
0.5461061000823975 0
0.5384753942489624 0
0.4425608515739441 0
0.5360559225082397 0
0.3464534878730774 0
0.5021002292633057 0
0.5104940533638 0
0.4937428832054138 0
0.3006426692008972 0
0.3800135552883148 0
0.46261051297187805 0
0.42528030276298523 0
0.5858772993087769 0
0.6847884058952332 0
0.5706774592399597 0
0.6177952885627747 0
0.47399914264678955 0
0.6013491153717041 0
0.5385884046554565 0
0.6489824652671814 0
0.48263564705848694 0
0.5016867518424988 0
0.48220670223236084 0
0.7025094032287598 0
0.4791239798069 0
0.5773258805274963 0
0.6457687616348267 0
0.4382267892360687 0
0.5861273407936096 0
0.6904012560844421 0
0.4734717607498169 0
0.4758773148059845 0
0.6077479720115662 0
0.5618354678153992 0
0.6844789385795593 0
0.5243698358535767 0
0.6103768348693848 0
0.4408211410045624 0
0.4422038197517395 0
0.8919875025749207 1
0.9325810074806213 1
0.7916592359542847 1
0.9023550748825073 1
0.7945904731750488 1
0.9174150824546814 1
0.7808036208152771 1
0.8553940653800964 1
0.8965964317321777 1
0.8995950222015381 1
0.6997535228729248 1
0.8850833177566528 1
0.8736578226089478 1
0.8585267663002014 1
0.8664283156394958 1
0.8234502673149109 1
0.8410629034042358 1
0.9467730522155762 1
0.9040312767028809 1
0.8924663662910461 1
0.8609920144081116 1
0.9199053645133972 1
0.7144876718521118 1
0.8998261094093323 1
0.8552535176277161 1
0.8276841044425964 1
0.8593586683273315 1
0.8518043756484985 1
0.927514910697937 1
0.9444225430488586 1
0.9142769575119019 1
0.9278395175933838 1
0.7899934649467468 1
0.8975166082382202 1
0.9291831851005554 1
0.7886449098587036 1
0.9103989005088806 1
0.8857415914535522 1
0.8869752883911133 1
0.9159632325172424 1
0.9099878668785095 1
0.8834484219551086 1
0.7214981913566589 0
0.5548273921012878 0
0.5151294469833374 0
0.5616492033004761 0
0.6766971349716187 0
0.3821359872817993 0
0.6667778491973877 0
0.5015638470649719 0
0.4556049406528473 0
0.5716049075126648 0
0.5250214338302612 0
0.6219416260719299 0
0.6717822551727295 0
0.5697827935218811 0
0.6777968406677246 0
0.973921000957489 1
0.9211245179176331 1
0.8891056180000305 1
0.888337254524231 1
0.9184969067573547 1
0.9082236886024475 1
0.8816859126091003 1
0.8276067972183228 1
0.9402633905410767 1
0.9480403661727905 1
0.9056074023246765 1
0.8899850845336914 1
0.9243056774139404 1
0.9020288586616516 1
0.8893367052078247 1
0.7651304602622986 0
0.7505145072937012 0
0.8406417369842529 0
0.8363182544708252 0
0.8340544104576111 0
0.8205510377883911 0
0.8451031446456909 0
0.7696682810783386 0
0.7640713453292847 0
0.738856852054596 0
0.7933825254440308 0
0.7660084962844849 0
0.8944428563117981 0
0.8931193351745605 0
0.8555030226707458 0
0.8376166820526123 0
0.7796036005020142 0
0.8185418844223022 0
0.7971718311309814 0
0.7391038537025452 0
0.7927432656288147 0
0.795242965221405 0
0.6746999025344849 0
0.7882532477378845 0
0.809272050857544 0
0.6337079405784607 0
0.7109829783439636 0
0.81767737865448 0
0.6758609414100647 0
0.6792356967926025 0
0.7377203702926636 0
0.5099359750747681 0
0.7512500882148743 0
0.8593667149543762 0
0.7643908858299255 0
0.7250694036483765 0
0.8401922583580017 0
0.7667011022567749 0
0.5715287923812866 0
0.7059125900268555 0
0.6378017663955688 0
0.7680918574333191 0
0.32614144682884216 0
0.27858564257621765 0
0.3637746572494507 0
0.3211626410484314 0
0.3352510333061218 0
0.4428180456161499 0
0.4713113009929657 0
0.29675862193107605 0
0.3092968463897705 0
0.36892732977867126 0
0.4586472809314728 0
0.37436774373054504 0
0.2588801681995392 0
0.3335006535053253 0
0.28042155504226685 0
0.23697315156459808 0
0.3179907500743866 0
0.3541804850101471 0
0.23275375366210938 0
0.3965134024620056 0
0.2431827038526535 0
0.3555712401866913 0
0.26995956897735596 0
0.3738933801651001 0
0.4938737452030182 0
0.38674676418304443 0
0.21634887158870697 0
0.41675230860710144 0
0.32367461919784546 0
0.729770302772522 0
0.5591766238212585 0
0.5725661516189575 0
0.5045709013938904 0
0.5936894416809082 0
0.5715219974517822 0
0.490629106760025 0
0.6333791017532349 0
0.6253105401992798 0
0.6497375965118408 0
0.5902602076530457 0
0.6702136397361755 0
0.6762213706970215 0
0.7055904865264893 0
0.5373290777206421 0
0.5846869349479675 0
0.5799230933189392 0
0.6998623013496399 0
0.6399996876716614 0
0.5893545746803284 0
0.6152456402778625 0
0.5339608788490295 0
0.5793563723564148 0
0.6543343663215637 0
0.6671191453933716 0
0.7009084820747375 0
0.6378427743911743 0
0.6594434976577759 0
0.4954562187194824 0
0.6238223314285278 0
0.6489861607551575 0
0.6137930750846863 0
0.45112621784210205 0
0.6094076633453369 0
0.7392338514328003 0
0.5895156264305115 0
0.46755656599998474 0
0.6199278831481934 0
0.6999104022979736 0
0.7054798603057861 0
0.6645339727401733 0
0.6664683222770691 0
0.7215182781219482 0
0.5420191287994385 0
0.5892865657806396 0
0.6087276339530945 0
0.5361409187316895 0
0.6453678011894226 0
0.552223265171051 0
0.709494411945343 0
0.5628687143325806 0
0.6772047877311707 0
0.6417853236198425 0
0.536611795425415 0
0.6617528796195984 0
0.5143622159957886 0
0.6324989199638367 0
0.6750104427337646 0
0.6420689225196838 0
0.6015022397041321 0
0.7378339767456055 0
0.74577397108078 0
0.650980532169342 0
0.6690720915794373 0
0.6667023301124573 0
0.6712056398391724 0
0.6271377205848694 0
0.48368608951568604 0
0.6792975068092346 0
0.5510250329971313 0
0.4727213382720947 0
0.6017287373542786 0
0.6029975414276123 0
0.7123560905456543 0
0.7491719126701355 0
0.5277323126792908 0
0.6608040928840637 0
0.5110119581222534 0
0.6675006151199341 0
0.6086792945861816 0
0.5911383628845215 0
0.6392942667007446 0
0.5358403325080872 0
0.5929487347602844 0
0.572279691696167 0
0.8586739301681519 1
0.8505589962005615 1
0.9062787890434265 1
0.930325448513031 1
0.8611891865730286 1
0.9267707467079163 1
0.9110450148582458 1
0.8412413001060486 1
0.945910632610321 1
0.9554973840713501 1
0.9399898648262024 1
0.902508020401001 1
0.8563870191574097 1
0.9085540771484375 1
0.948775053024292 1
0.9039114117622375 1
0.9432641267776489 1
0.9313888549804688 1
0.943975031375885 1
0.9357588887214661 1
0.9336127638816833 1
0.8718152046203613 1
0.8972830176353455 1
0.9408866763114929 1
0.9357112646102905 1
0.8974810838699341 1
0.9005858302116394 1
0.9594707489013672 1
0.8722392320632935 1
0.9457840323448181 1
0.7938339114189148 0
0.7059816122055054 0
0.7983314394950867 0
0.7953880429267883 0
0.7343512177467346 0
0.7250991463661194 0
0.7622982859611511 0
0.7204834818840027 0
0.7915231585502625 0
0.7694430351257324 0
0.8052938580513 0
0.8002720475196838 0
0.7052493691444397 0
0.8232095837593079 0
0.730046808719635 0
0.8144200444221497 0
0.8811591267585754 0
0.8099855780601501 0
0.7960939407348633 0
0.8408323526382446 0
0.8088288903236389 0
0.7593112587928772 0
0.816108226776123 0
0.7923290729522705 0
0.8470308184623718 0
0.6600542664527893 0
0.7847524285316467 0
0.8396105170249939 0
0.847639262676239 0
0.7958908677101135 0
0.8666020631790161 0
0.927418053150177 0
0.870395839214325 0
0.751704752445221 0
0.7639093399047852 0
0.7116414904594421 0
0.7898950576782227 0
0.8377882838249207 0
0.7682952880859375 0
0.7860565781593323 0
0.8180484175682068 0
0.7148521542549133 0
0.38774344325065613 0
0.39431482553482056 0
0.40117138624191284 0
0.38917896151542664 0
0.41011086106300354 0
0.37529242038726807 0
0.4021478295326233 0
0.31675082445144653 0
0.3079144358634949 0
0.21480272710323334 0
0.3933069705963135 0
0.34674787521362305 0
0.2509644329547882 0
0.34803715348243713 0
0.3098614513874054 0
0.26043274998664856 0
0.3228204846382141 0
0.3110896348953247 0
0.30440637469291687 0
0.3787630498409271 0
0.3343767523765564 0
0.325823038816452 0
0.3232060372829437 0
0.27076107263565063 0
0.4308156967163086 0
0.34163162112236023 0
0.24301539361476898 0
0.31710565090179443 0
0.2790176570415497 0
0.5658695101737976 0
0.594386637210846 0
0.6162596940994263 0
0.5791489481925964 0
0.6067234873771667 0
0.570052981376648 0
0.6523642539978027 0
0.4372657537460327 0
0.5234910249710083 0
0.6063152551651001 0
0.5697457194328308 0
0.6454879641532898 0
0.46558505296707153 0
0.598999559879303 0
0.5862378478050232 0
0.6227082014083862 0
0.5575459599494934 0
0.5380313992500305 0
0.5675793290138245 0
0.5638623833656311 0
0.604529619216919 0
0.700035035610199 0
0.4836597442626953 0
0.6418782472610474 0
0.591092050075531 0
0.5378563404083252 0
0.5883459448814392 0
0.7208403944969177 0
0.5885124802589417 0
0.6946766972541809 0
0.6850463151931763 0
0.7737399339675903 0
0.7654998302459717 0
0.7527764439582825 0
0.7594532370567322 0
0.7838373184204102 0
0.6944683194160461 0
0.6393818259239197 0
0.6907446980476379 0
0.7021591067314148 0
0.6461726427078247 0
0.6650916934013367 0
0.7526125907897949 0
0.767738938331604 0
0.6979632377624512 0
0.7965707182884216 0
0.7358571887016296 0
0.7735536694526672 0
0.8222710490226746 0
0.6779609322547913 0
0.7188441157341003 0
0.7771350741386414 0
0.719093918800354 0
0.7633456587791443 0
0.82242351770401 0
0.7315529584884644 0
0.8706631064414978 0
0.5941270589828491 0
0.7218288779258728 0
0.7793564200401306 0
0.7897599339485168 0
0.6375463604927063 0
0.775818407535553 0
0.7384107708930969 0
0.6955087780952454 0
0.7562128901481628 0
0.5597083568572998 0
0.8441426157951355 0
0.762180745601654 0
0.6316120624542236 0
0.6406642198562622 0
0.6755517721176147 0
0.805892288684845 0
0.8325405120849609 0
0.7516080141067505 0
0.5761213898658752 0
0.8177959322929382 0
0.7905833721160889 0
0.7560141682624817 0
0.7789321541786194 0
0.7882789969444275 0
0.7260667681694031 0
0.7648163437843323 0
0.7309799194335938 0
0.7583709955215454 0
0.7485767602920532 0
0.7908741235733032 0
0.7595508694648743 0
0.7290176153182983 0
0.577813446521759 0
0.836664080619812 0
0.8482151031494141 0
0.8016896843910217 0
0.7512542009353638 0
0.7549576163291931 0
0.7970758676528931 0
0.7541752457618713 0
0.8586660027503967 0
0.8999237418174744 0
0.8107559084892273 0
0.8332087397575378 0
0.7364973425865173 0
0.8182616829872131 0
0.7559453845024109 0
0.8809748291969299 0
0.7872376441955566 0
0.8026701807975769 0
0.7560389041900635 0
0.6093529462814331 0
0.8307316303253174 0
0.7854592204093933 0
0.7421419620513916 0
0.7448310256004333 0
0.7825440764427185 0
0.6758973598480225 0
0.8957156538963318 1
0.9224459528923035 1
0.8726333379745483 1
0.9368364810943604 1
0.940045177936554 1
0.8975510597229004 1
0.9175598621368408 1
0.728659987449646 1
0.8467206358909607 1
0.9027947783470154 1
0.8689411282539368 1
0.881051242351532 1
0.8960245847702026 1
0.9174129962921143 1
0.9271174669265747 1
0.9272583723068237 1
0.9167017936706543 1
0.9509956240653992 1
0.8500979542732239 1
0.8006252646446228 1
0.9116515517234802 1
0.9227373003959656 1
0.9166072010993958 1
0.8817309737205505 1
0.9263868927955627 1
0.8645831346511841 1
0.8560701608657837 1
0.9296882152557373 1
0.9622301459312439 1
0.9113771915435791 1
0.826289713382721 1
0.799270510673523 1
0.8893536925315857 1
0.8710435628890991 1
0.7472333312034607 1
0.9179018139839172 1
0.85736083984375 1
0.9007922410964966 1
0.7170955538749695 1
0.9468472599983215 1
0.8789705634117126 1
0.7995638847351074 1
0.26200899481773376 0
0.34606969356536865 0
0.3051644563674927 0
0.5008471608161926 0
0.2995143532752991 0
0.5691812038421631 0
0.4073086082935333 0
0.28450244665145874 0
0.3624330759048462 0
0.5845973491668701 0
0.26015859842300415 0
0.3096367120742798 0
0.33530479669570923 0
0.5387647151947021 0
0.41636210680007935 0
0.2980974316596985 0
0.3164668679237366 0
0.2605130970478058 0
0.3405327796936035 0
0.2653304934501648 0
0.22626453638076782 0
0.3327563405036926 0
0.37560930848121643 0
0.35887399315834045 0
0.29757100343704224 0
0.3684680759906769 0
0.28822341561317444 0
0.36943772435188293 0
0.34382298588752747 0
0.7739093899726868 0
0.7618641257286072 0
0.8486440181732178 0
0.6550027132034302 0
0.6563189029693604 0
0.7334163188934326 0
0.6774256229400635 0
0.6581899523735046 0
0.7598380446434021 0
0.6995848417282104 0
0.7505772709846497 0
0.727159857749939 0
0.7207033038139343 0
0.6603111028671265 0
0.7806630730628967 0
0.6852803230285645 0
0.7081678509712219 0
0.7587231993675232 0
0.6751627326011658 0
0.7627160549163818 0
0.8233652710914612 0
0.7333712577819824 0
0.756429135799408 0
0.6489686369895935 0
0.7852915525436401 0
0.6904826760292053 0
0.8144457936286926 0
0.6729041337966919 0
0.7129662036895752 0
0.8085500597953796 0
0.8018975257873535 0
0.6919392347335815 0
0.6077289581298828 0
0.5299373269081116 0
0.8886212706565857 0
0.6664776802062988 0
0.6852219700813293 0
0.724550724029541 0
0.7174593806266785 0
0.7298933863639832 0
0.7705022096633911 0
0.7297510504722595 0
0.7581368088722229 0
0.7390122413635254 0
0.6595750451087952 0
0.7169058322906494 0
0.7316697835922241 0
0.7076014280319214 0
0.7669073343276978 0
0.7424028515815735 0
0.75767582654953 0
0.7920424938201904 0
0.8509860038757324 0
0.7675875425338745 0
0.7785828113555908 0
0.7612470984458923 0
0.6649246215820312 0
0.8323394060134888 0
0.7172414660453796 0
0.7704111337661743 0
0.7698091864585876 0
0.6881428360939026 0
0.6843042969703674 0
0.7805787324905396 0
0.8186823129653931 0
0.7109238505363464 0
0.7161993384361267 0
0.7139824628829956 0
0.7845616936683655 0
0.6577364206314087 0
0.6317234635353088 0
0.6545913219451904 0
0.729033887386322 0
0.7212492823600769 0
0.71895432472229 0
0.7249765992164612 0
0.7843509316444397 0
0.6706463694572449 0
0.756858766078949 0
0.761756956577301 0
0.6355112195014954 0
0.7075616121292114 0
0.6497350931167603 0
0.6046571135520935 0
0.6733996272087097 0
0.715147852897644 0
0.8314998149871826 0
0.850587785243988 0
0.6895029544830322 0
0.8127742409706116 0
0.8158458471298218 0
0.64140784740448 0
0.8220086097717285 0
0.7863193154335022 0
0.8727173209190369 0
0.781406581401825 0
0.7629657983779907 0
0.8423536419868469 0
0.8020308613777161 0
0.824303150177002 0
0.75344318151474 0
0.7690297961235046 0
0.7570640444755554 0
0.7613853812217712 0
0.7099301815032959 0
0.797702968120575 0
0.846310019493103 0
0.8980242013931274 0
0.7805161476135254 0
0.8242242932319641 0
0.7113727927207947 0
0.6897974610328674 0
0.7734098434448242 0
0.7764405012130737 0
0.8833492398262024 1
0.8855589628219604 1
0.8738672137260437 1
0.9475156664848328 1
0.9119107127189636 1
0.9275091886520386 1
0.9304952025413513 1
0.9012038707733154 1
0.9584697484970093 1
0.9189464449882507 1
0.9099854826927185 1
0.8520851731300354 1
0.8349928259849548 1
0.9027233123779297 1
0.9589219689369202 1
0.8778917193412781 1
0.9524745941162109 1
0.8982370495796204 1
0.9319243431091309 1
0.9546882510185242 1
0.7660345435142517 1
0.9289460182189941 1
0.9114271998405457 1
0.872828483581543 1
0.8568939566612244 1
0.9066639542579651 1
0.9590693712234497 1
0.946924090385437 1
0.9460709691047668 1
0.8732609748840332 1
1.0 1
0.8030966520309448 1
0.8594556450843811 1
0.9060352444648743 1
0.9178122282028198 1
0.891545832157135 1
0.8614695072174072 1
0.8565211296081543 1
0.9048101902008057 1
0.8665441870689392 1
0.9036168456077576 1
0.884323239326477 1
0.9228090643882751 1
0.5516268610954285 0
0.5882612466812134 0
0.49214568734169006 0
0.33715346455574036 0
0.33302703499794006 0
0.6217072606086731 0
0.4254888892173767 0
0.3417246639728546 0
0.2622785270214081 0
0.5419667363166809 0
0.503301203250885 0
0.5453652739524841 0
0.484452486038208 0
0.46306467056274414 0
0.2656388580799103 0
0.3698025941848755 0
0.3034690022468567 0
0.3385264277458191 0
0.17030565440654755 0
0.355212539434433 0
0.22801901400089264 0
0.3686164617538452 0
0.17620593309402466 0
0.24309241771697998 0
0.2924689054489136 0
0.34930914640426636 0
0.2995406687259674 0
0.2972180247306824 0
0.3479921519756317 0
0.8273009657859802 0
0.7430625557899475 0
0.8076798915863037 0
0.720457136631012 0
0.6758555769920349 0
0.774043083190918 0
0.5831289291381836 0
0.6896687150001526 0
0.8212897777557373 0
0.7677208781242371 0
0.7189062237739563 0
0.7951815128326416 0
0.6587231755256653 0
0.779916524887085 0
0.5441633462905884 0
0.8301529288291931 0
0.7291057705879211 0
0.803153395652771 0
0.8345219492912292 0
0.8139008283615112 0
0.7178933024406433 0
0.7803679704666138 0
0.6743842363357544 0
0.7203632593154907 0
0.7228255271911621 0
0.7113670110702515 0
0.8420645594596863 0
0.5316470265388489 0
0.7717377543449402 0
0.8072141408920288 0
0.7027416825294495 0
0.8029928207397461 0
0.808304488658905 0
0.6893855929374695 0
0.6280699968338013 0
0.6393582224845886 0
0.7181825637817383 0
0.7325313687324524 0
0.8497805595397949 0
0.6521346569061279 0
0.7550976872444153 0
0.7485095858573914 0
0.6870158314704895 0
0.6290040016174316 0
0.6260215640068054 0
0.7960827946662903 0
0.6691491603851318 0
0.6315435767173767 0
0.8090375661849976 0
0.7385210394859314 0
0.7959161400794983 0
0.7641850113868713 0
0.6832886338233948 0
0.9097403883934021 0
0.8181663155555725 0
0.7294329404830933 0
0.7984916567802429 0
0.6776999831199646 0
0.7193012833595276 0
0.7496966123580933 0
0.820327639579773 0
0.7788904905319214 0
0.7931876182556152 0
0.6953336596488953 0
0.6390039920806885 0
0.7780084609985352 0
0.5939679145812988 0
0.7640993595123291 0
0.6895168423652649 0
0.6960265040397644 0
0.6480830907821655 0
0.8030204176902771 0
0.6575345396995544 0
0.7031341791152954 0
0.7757121920585632 0
0.673841118812561 0
0.6646293997764587 0
0.6865505576133728 0
0.700300931930542 0
0.6637610197067261 0
0.8470697402954102 0
0.39293351769447327 0
0.573212206363678 0
0.3760535717010498 0
0.3810715675354004 0
0.41821426153182983 0
0.28028711676597595 0
0.4378919303417206 0
0.3259738087654114 0
0.2633548378944397 0
0.3001877963542938 0
0.4197043776512146 0
0.3859279751777649 0
0.38473641872406006 0
0.39581477642059326 0
0.4263594448566437 0
0.30563870072364807 0
0.363977313041687 0
0.2664206922054291 0
0.35199210047721863 0
0.35473334789276123 0
0.46079814434051514 0
0.4384456276893616 0
0.3696478605270386 0
0.3428247570991516 0
0.5193843841552734 0
0.37720751762390137 0
0.4414270520210266 0
0.4294240474700928 0
0.2967035174369812 0
0.3195623755455017 0
0.3202941417694092 0
0.40387827157974243 0
0.40325066447257996 0
0.35266512632369995 0
0.3899920582771301 0
0.34983882308006287 0
0.1587827354669571 0
0.4803946316242218 0
0.39211711287498474 0
0.43790751695632935 0
0.5041036009788513 0
0.4225313365459442 0
0.370044082403183 0
0.4400147795677185 0
0.2795925736427307 0
0.33931711316108704 0
0.5550106167793274 0
0.3526599705219269 0
0.42577463388442993 0
0.283605694770813 0
0.495671808719635 0
0.4070499837398529 0
0.4685850739479065 0
0.4798935055732727 0
0.4417663812637329 0
0.4488584101200104 0
0.31408703327178955 0
0.5788809657096863 0
0.37399837374687195 0
0.4112686216831207 0
0.3680874705314636 0
0.5732141733169556 0
0.4944102168083191 0
0.35456544160842896 0
0.3215697705745697 0
0.5895736217498779 0
0.468703955411911 0
0.41460901498794556 0
0.46070602536201477 0
0.37357673048973083 0
0.4546915590763092 0
0.40766337513923645 0
0.4558267593383789 0
0.2804809808731079 0
0.3729165494441986 0
0.3701418340206146 0
0.8270014524459839 1
0.8903155326843262 1
0.8614898324012756 1
0.86818528175354 1
0.9393211007118225 1
0.9006867408752441 1
0.7155357599258423 1
0.8678205013275146 1
0.9335653781890869 1
0.9324988722801208 1
0.9327058792114258 1
0.9472835659980774 1
0.7197034358978271 1
0.8913319706916809 1
0.7414911389350891 1
0.702531635761261 1
0.7669998407363892 1
0.7604159116744995 1
0.6077471375465393 1
0.7244551181793213 1
0.7589473128318787 1
0.7670308947563171 1
0.7598710060119629 1
0.7337436676025391 1
0.7413067817687988 1
0.7275738716125488 1
0.7177363634109497 1
0.7397458553314209 1
0.7756206393241882 1
0.10423731058835983 0
0.1817384958267212 0
0.0722181648015976 0
0.1444343626499176 0
0.1302771121263504 0
0.09742340445518494 0
0.12586025893688202 0
0.08528076112270355 0
0.0840400904417038 0
0.14910221099853516 0
0.09814903140068054 0
0.11297957599163055 0
0.05611634626984596 0
0.1312481015920639 0
0.18111403286457062 0
0.24025984108448029 0
0.17102530598640442 0
0.20395372807979584 0
0.12892216444015503 0
0.14639553427696228 0
0.09520131349563599 0
0.08252441138029099 0
0.09710922837257385 0
0.07471828907728195 0
0.06904863566160202 0
0.18678449094295502 0
0.13789816200733185 0
0.07933222502470016 0
0.1634252667427063 0
0.09188834577798843 0
0.2317342609167099 0
0.10140912979841232 0
0.15867382287979126 0
0.04798024147748947 0
0.2232399880886078 0
0.124371238052845 0
0.03500713035464287 0
0.08188731223344803 0
0.0904056653380394 0
0.09883559495210648 0
0.18250413239002228 0
0.0878075435757637 0
0.31165215373039246 0
0.28864094614982605 0
0.27656081318855286 0
0.36261865496635437 0
0.19069555401802063 0
0.35442015528678894 0
0.2341100126504898 0
0.33621746301651 0
0.21824529767036438 0
0.3529873788356781 0
0.29874804615974426 0
0.23028753697872162 0
0.36261773109436035 0
0.35962119698524475 0
0.36528751254081726 0
0.3909410238265991 0
0.3278000056743622 0
0.35137632489204407 0
0.2940919101238251 0
0.29735854268074036 0
0.31209927797317505 0
0.23158268630504608 0
0.23468831181526184 0
0.32280123233795166 0
0.2842981815338135 0
0.32457321882247925 0
0.5155447721481323 0
0.37585845589637756 0
0.4031972885131836 0
0.34852135181427 0
0.3434712886810303 0
0.5425933003425598 0
0.4200917184352875 0
0.21456913650035858 0
0.2632370889186859 0
0.32514435052871704 0
0.39477792382240295 0
0.25949886441230774 0
0.33139827847480774 0
0.32850179076194763 0
0.44064509868621826 0
0.31879356503486633 0
0.3132362961769104 0
0.3621926009654999 0
0.2950040102005005 0
0.20498374104499817 0
0.3589218258857727 0
0.26556217670440674 0
0.3508630692958832 0
0.377918004989624 0
0.3204770088195801 0
0.34568312764167786 0
0.32525959610939026 0
0.3425524830818176 0
0.2253819853067398 0
0.3452024757862091 0
0.37995606660842896 0
0.3195440471172333 0
0.3803158700466156 0
0.379359632730484 0
0.2573428452014923 0
0.4134005904197693 0
0.35415172576904297 0
0.3122653365135193 0
0.29706311225891113 0
0.3908138871192932 0
0.3438132405281067 0
0.3635192811489105 0
0.2474125176668167 0
0.2844751477241516 0
0.460984468460083 0
0.3276592195034027 0
0.3235267400741577 0
0.3114875555038452 0
0.3753986954689026 0
0.37098002433776855 0
0.1996971070766449 0
0.3048933148384094 0
0.3382556140422821 0
0.3330911099910736 0
0.3575771152973175 0
0.30107614398002625 0
0.4185755252838135 0
0.30749908089637756 0
0.2754756808280945 0
0.192885622382164 0
0.2596699297428131 0
0.31372714042663574 0
0.3321298658847809 0
0.40048810839653015 0
0.33583933115005493 0
0.3090195655822754 0
0.35596945881843567 0
0.24568858742713928 0
0.33553165197372437 0
0.2838929295539856 0
0.5051719546318054 0
0.44510337710380554 0
0.31121963262557983 0
0.3846907317638397 0
0.33990418910980225 0
0.49061936140060425 0
0.2806350290775299 0
0.438353031873703 0
0.42305508255958557 0
0.349860817193985 0
0.17040324211120605 0
0.3291880488395691 0
0.3753569424152374 0
0.2644566595554352 0
0.5045796632766724 0
0.29282528162002563 0
0.26145991683006287 0
0.21660029888153076 0
0.6142456531524658 1
0.6039136648178101 1
0.7449665069580078 1
0.7227732539176941 1
0.761338472366333 1
0.6428157687187195 1
0.7266506552696228 1
0.8139781951904297 1
0.7571569085121155 1
0.6968402862548828 1
0.7438245415687561 1
0.7763524651527405 1
0.7215831875801086 1
0.7052168250083923 1
0.659796953201294 1
0.8887929320335388 1
0.8906978964805603 1
0.9312402009963989 1
0.8768054842948914 1
0.9414835572242737 1
0.8781442642211914 1
0.9081031084060669 1
0.9634801745414734 1
0.9444779753684998 1
0.9196126461029053 1
0.9221996068954468 1
0.8866334557533264 1
0.929266631603241 1
0.9493145942687988 1
0.17456352710723877 0
