0.9523579478263855 1
0.9662259221076965 1
0.9614853262901306 1
0.9656867384910583 1
0.9159817099571228 1
0.9461185932159424 1
0.9559189081192017 1
0.9585192203521729 1
0.9784131646156311 1
0.9695438742637634 1
0.9260456562042236 1
0.9675827026367188 1
0.9658039808273315 1
0.9333164691925049 1
0.9435542821884155 1
0.9232485294342041 1
0.9589868187904358 1
0.9664015769958496 1
0.9393727779388428 1
0.950311005115509 1
0.941014289855957 1
0.9588477611541748 1
0.9255138635635376 1
0.9621192216873169 1
0.9760772585868835 1
0.977128803730011 1
0.9629396796226501 1
0.93485027551651 1
0.9485539793968201 1
0.9509006142616272 1
0.9537518620491028 1
0.953522801399231 1
0.9624262452125549 1
0.9786562323570251 1
0.9779396057128906 1
0.9647040367126465 1
0.9631680846214294 1
0.9687440395355225 1
0.9486996531486511 1
0.9456101655960083 1
0.9254410862922668 1
0.9581828713417053 1
0.6123589277267456 0
0.6196994781494141 0
0.5927741527557373 0
0.6523151397705078 0
0.6388287544250488 0
0.7086277604103088 0
0.7120969891548157 0
0.6686724424362183 0
0.7177056074142456 0
0.7631281018257141 0
0.5998747944831848 0
0.697487473487854 0
0.6904534697532654 0
0.7294501662254333 0
0.6784141063690186 0
0.6049532890319824 0
0.700697124004364 0
0.7236981391906738 0
0.6780371069908142 0
0.6917078495025635 0
0.7346974611282349 0
0.8683519959449768 0
0.7685022354125977 0
0.6081870198249817 0
0.6794289350509644 0
0.7458027005195618 0
0.6864781379699707 0
0.5977157354354858 0
0.6549713611602783 0
0.7754752039909363 0
0.732530415058136 0
0.7877444624900818 0
0.6883742809295654 0
0.8143057227134705 0
0.6836990118026733 0
0.7646828293800354 0
0.782203197479248 0
0.7582751512527466 0
0.7835146188735962 0
0.542290210723877 0
0.7048020958900452 0
0.6327226161956787 0
0.7794837951660156 0
0.7201317548751831 0
0.7242279648780823 0
0.7359259724617004 0
0.7202796936035156 0
0.8200436234474182 0
0.7916309237480164 0
0.7425161004066467 0
0.7930817604064941 0
0.7993908524513245 0
0.7686190009117126 0
0.8254062533378601 0
0.803451418876648 0
0.8279508948326111 0
0.8195281624794006 0
0.8139751553535461 0
0.8214901685714722 0
0.8035355806350708 0
0.6818088293075562 0
0.755094587802887 0
0.7630599141120911 0
0.7781625390052795 0
0.7949346899986267 0
0.7428491115570068 0
0.7024158835411072 0
0.8068084120750427 0
0.745642364025116 0
0.821212112903595 0
0.8031038045883179 0
0.7648323774337769 0
0.7883297204971313 0
0.8449069857597351 0
0.8480261564254761 0
0.8546333909034729 0
0.8361378908157349 0
0.8642176985740662 0
0.7816049456596375 0
0.7511796355247498 0
0.8151798844337463 0
0.8661947250366211 0
0.8647887706756592 0
0.844363272190094 0
0.849092960357666 0
0.7758165597915649 0
0.8760319352149963 0
0.8498513102531433 0
0.7985273003578186 0
0.8862325549125671 0
0.8617216348648071 0
0.8563573360443115 0
0.9179342985153198 0
0.7952286601066589 0
0.6807519793510437 0
0.8969641923904419 0
0.859663724899292 0
0.7539493441581726 0
0.8535696864128113 0
0.850913405418396 0
0.8362271189689636 0
0.8012004494667053 0
0.7522469162940979 0
0.9106539487838745 0
0.8152798414230347 0
0.9051295518875122 0
0.8231630325317383 0
0.6775392293930054 0
0.808270275592804 0
0.79823899269104 0
0.8640276193618774 0
0.7991930246353149 0
0.8301538825035095 0
0.9024975299835205 0
0.3545846939086914 0
0.38151735067367554 0
0.3116421401500702 0
0.24963416159152985 0
0.262857049703598 0
0.2978339195251465 0
0.14309336245059967 0
0.17075002193450928 0
0.25945407152175903 0
0.2083284556865692 0
0.2709565758705139 0
0.5391520857810974 0
0.3272324502468109 0
0.33493733406066895 0
0.260519802570343 0
0.14497271180152893 0
0.1803140491247177 0
0.18980221450328827 0
0.16656437516212463 0
0.24071568250656128 0
0.11554109305143356 0
0.1881515085697174 0
0.18499164283275604 0
0.21033787727355957 0
0.17352011799812317 0
0.20287521183490753 0
0.11374043673276901 0
0.19322435557842255 0
0.2396332323551178 0
0.9663335084915161 1
0.9636780023574829 1
0.9212390184402466 1
0.9554561972618103 1
0.9784384369850159 1
0.8946220278739929 1
0.97053462266922 1
0.8598413467407227 1
0.9335494637489319 1
0.9688885807991028 1
0.8957440257072449 1
0.9593696594238281 1
0.9608243703842163 1
0.9710503220558167 1
0.9630768895149231 1
0.978493869304657 1
0.94206702709198 1
0.9421169757843018 1
0.9483004808425903 1
0.904197633266449 1
0.9566618204116821 1
0.9746856093406677 1
0.9118213653564453 1
0.9803817868232727 1
0.9537183046340942 1
0.9750373363494873 1
0.9296157360076904 1
0.9693957567214966 1
0.9169167280197144 1
0.927849292755127 1
0.9661216139793396 1
0.8753775358200073 1
0.9562183618545532 1
0.9758588075637817 1
0.9300187826156616 1
0.9689895510673523 1
0.9332566261291504 1
0.9573180079460144 1
0.9522796273231506 1
0.978177011013031 1
0.9720527529716492 1
0.9490038752555847 1
0.9478567242622375 1
0.6273884773254395 0
0.566951334476471 0
0.7224622368812561 0
0.7400768995285034 0
0.7090282440185547 0
0.6880636215209961 0
0.6227706670761108 0
0.5802827477455139 0
0.7203567624092102 0
0.5848692655563354 0
0.6939114928245544 0
0.7586867809295654 0
0.7236871123313904 0
0.7495591044425964 0
0.6754274368286133 0
0.7705512046813965 0
0.7950192093849182 0
0.6934428811073303 0
0.640351414680481 0
0.7806462049484253 0
0.7250455617904663 0
0.7078281044960022 0
0.7947814464569092 0
0.5657197833061218 0
0.7678375244140625 0
0.5819147825241089 0
0.6218092441558838 0
0.6517364978790283 0
0.6120173335075378 0
0.7183754444122314 0
0.6936758160591125 0
0.7958568930625916 0
0.6917080879211426 0
0.754418671131134 0
0.7464820742607117 0
0.8513038754463196 0
0.7492592930793762 0
0.722765326499939 0
0.7036498188972473 0
0.7225872874259949 0
0.6863135099411011 0
0.852687418460846 0
0.7816346287727356 0
0.8198535442352295 0
0.7065656781196594 0
0.8059215545654297 0
0.7376371026039124 0
0.7684884667396545 0
0.757719099521637 0
0.7459874153137207 0
0.7259877324104309 0
0.7071998119354248 0
0.7367836833000183 0
0.7847136855125427 0
0.7428305745124817 0
0.8055013418197632 0
0.771979570388794 0
0.7756117582321167 0
0.7464256286621094 0
0.756731390953064 0
0.7120629549026489 0
0.7847868204116821 0
0.813578724861145 0
0.7468973994255066 0
0.7513458728790283 0
0.7831735610961914 0
0.7453069090843201 0
0.7712022662162781 0
0.7904277443885803 0
0.71722012758255 0
0.7331441044807434 0
0.6994689702987671 0
0.7982836365699768 0
0.6947356462478638 0
0.8106154799461365 0
0.8236694931983948 0
0.8190675377845764 0
0.8048853874206543 0
0.8071888089179993 0
0.8797921538352966 0
0.8295485973358154 0
0.9066138863563538 0
0.8235300779342651 0
0.7955564260482788 0
0.8600353598594666 0
0.8233259320259094 0
0.7582416534423828 0
0.8846575617790222 0
0.7586945295333862 0
0.7786285281181335 0
0.759244978427887 0
0.8301952481269836 0
0.840617299079895 0
0.8000485301017761 0
0.8578723073005676 0
0.8338871002197266 0
0.8227584958076477 0
0.8038869500160217 0
0.7636483311653137 0
0.8792521357536316 0
0.8860706686973572 0
0.8503183722496033 0
0.8810417056083679 0
0.7574265003204346 0
0.9001741409301758 0
0.8486982583999634 0
0.741500973701477 0
0.8649097681045532 0
0.8606378436088562 0
0.763088583946228 0
0.785146176815033 0
0.8202372193336487 0
0.8702964782714844 0
0.8876921534538269 0
0.38467130064964294 0
0.3778936266899109 0
0.4128517508506775 0
0.30224737524986267 0
0.36257362365722656 0
0.3323443531990051 0
0.3612864911556244 0
0.3327426016330719 0
0.4886893033981323 0
0.30311834812164307 0
0.19460396468639374 0
0.43922629952430725 0
0.3144090473651886 0
0.46728289127349854 0
0.41198647022247314 0
0.21012480556964874 0
0.1793544888496399 0
0.18002896010875702 0
0.1558634340763092 0
0.19359445571899414 0
0.1693328619003296 0
0.21339796483516693 0
0.20012035965919495 0
0.23050512373447418 0
0.13645039498806 0
0.08691480755805969 0
0.16757895052433014 0
0.2986709475517273 0
0.19813847541809082 0
0.9379618763923645 1
0.9373006820678711 1
0.9697220921516418 1
0.9177131652832031 1
0.9590258002281189 1
0.9066895842552185 1
0.9391093850135803 1
0.965676486492157 1
0.9083989262580872 1
0.9751940369606018 1
0.9460522532463074 1
0.9301608204841614 1
0.955695390701294 1
0.9772423505783081 1
0.9235011339187622 1
0.9677889347076416 1
0.9454561471939087 1
0.981062650680542 1
0.9554510116577148 1
0.9545731544494629 1
0.9511904120445251 1
0.9379603862762451 1
0.9511053562164307 1
0.8961549401283264 1
0.9331368207931519 1
0.9323408603668213 1
0.9537332057952881 1
0.9696623682975769 1
0.9785577654838562 1
0.9675436019897461 1
0.9561113119125366 1
0.9532170295715332 1
0.9472031593322754 1
0.9274055361747742 1
0.9636444449424744 1
0.9511728882789612 1
0.8967556953430176 1
0.9553303718566895 1
0.9698104858398438 1
0.9377940893173218 1
0.9593943953514099 1
0.9605423212051392 1
0.6318632364273071 0
0.6805171370506287 0
0.6418794393539429 0
0.6559553146362305 0
0.6696922183036804 0
0.7365072965621948 0
0.6444567441940308 0
0.6602047681808472 0
0.671655535697937 0
0.6966384053230286 0
0.9583394527435303 1
0.8697540163993835 1
0.9084535241127014 1
0.8902850151062012 1
0.9262803792953491 1
0.8123290538787842 1
0.9391317367553711 1
0.8987010717391968 1
0.8348997235298157 1
0.8134188652038574 1
0.9255124926567078 1
0.9107117652893066 1
0.9032787084579468 1
0.9126331806182861 1
0.8533309698104858 1
0.811923623085022 1
0.8146522045135498 1
0.9141897559165955 1
0.8426203727722168 1
0.8655375242233276 1
0.8961024880409241 1
0.9102218151092529 1
0.9357981085777283 1
0.9093436002731323 1
0.8789975643157959 1
0.8635134100914001 1
0.9181801080703735 1
0.9072309732437134 1
0.8475490808486938 1
0.9367722868919373 1
0.916070818901062 1
0.8812947273254395 1
0.7874228954315186 0
0.8449271321296692 0
0.8392565250396729 0
0.8609457612037659 0
0.7335125207901001 0
0.7919720411300659 0
0.8179929852485657 0
0.7373785376548767 0
0.747363269329071 0
0.8156921863555908 0
0.7986979484558105 0
0.8590760231018066 0
0.761614203453064 0
0.7671707272529602 0
0.7981367111206055 0
0.8274425864219666 0
0.7532888650894165 0
0.8829460740089417 0
0.7900380492210388 0
0.7697126269340515 0
0.7620946764945984 0
0.8053985834121704 0
0.8514581322669983 0
0.7730104327201843 0
0.802251398563385 0
0.8112191557884216 0
0.7984257340431213 0
0.8493484854698181 0
0.8373908400535583 0
0.7899987101554871 0
0.887813925743103 0
0.8771618604660034 0
0.8318424820899963 0
0.7193210124969482 0
0.8493562936782837 0
0.8484987020492554 0
0.8915730118751526 0
0.8383305072784424 0
0.8812967538833618 0
0.8523204922676086 0
0.829411506652832 0
0.834530234336853 0
0.7869917154312134 0
0.7759904265403748 0
0.848554790019989 0
0.7793757915496826 0
0.8124639987945557 0
0.7260755300521851 0
0.7703917026519775 0
0.8470197319984436 0
0.8596682548522949 0
0.8376893997192383 0
0.853783369064331 0
0.8634302020072937 0
0.8437257409095764 0
0.8398615121841431 0
0.7941884398460388 0
0.7952233552932739 0
0.8498567342758179 0
0.8019534945487976 0
0.7678914070129395 0
0.8314753174781799 0
0.6427359580993652 0
0.7871813774108887 0
0.7873187065124512 0
0.8663191199302673 0
0.8134581446647644 0
0.6524524688720703 0
0.8819043040275574 0
0.8941136002540588 0
0.7608634233474731 0
0.8443370461463928 0
0.8016910552978516 0
0.5444692969322205 0
0.6401458382606506 0
0.672722339630127 0
0.6392547488212585 0
0.5550544261932373 0
0.7372758984565735 0
0.49529367685317993 0
0.6707469820976257 0
0.4926825165748596 0
0.5230932831764221 0
0.7468357086181641 0
0.48529961705207825 0
0.544181227684021 0
0.6678154468536377 0
0.33262425661087036 0
0.35477927327156067 0
0.23497271537780762 0
0.3794795870780945 0
0.4704276919364929 0
0.375120609998703 0
0.3626737892627716 0
0.24327452480793 0
0.42322462797164917 0
0.3153422474861145 0
0.36901891231536865 0
0.37374797463417053 0
0.3106359541416168 0
0.49166664481163025 0
0.2931041419506073 0
0.5999082922935486 0
0.7571674585342407 0
0.6930067539215088 0
0.683142900466919 0
0.5188436508178711 0
0.726660966873169 0
0.7281231880187988 0
0.6446102857589722 0
0.70954430103302 0
0.7368453741073608 0
0.6283841729164124 0
0.6810972094535828 0
0.5307002067565918 0
0.6738612055778503 0
0.6222635507583618 0
0.6626505255699158 0
0.7285071015357971 0
0.8385999798774719 0
0.762506365776062 0
0.6459181904792786 0
0.7258316278457642 0
0.721072256565094 0
0.7026824355125427 0
0.6593858599662781 0
0.7259231209754944 0
0.7330957055091858 0
0.7720513939857483 0
0.6242038011550903 0
0.7143706679344177 0
0.6207693219184875 0
0.7135410904884338 0
0.6516039371490479 0
0.7085099220275879 0
0.6824964880943298 0
0.5544605851173401 0
0.7364018559455872 0
0.6537293791770935 0
0.6858947277069092 0
0.7762343287467957 0
0.720360279083252 0
0.6258590221405029 0
0.5975801348686218 0
0.9058689475059509 1
0.8987558484077454 1
0.8183773159980774 1
0.9092457890510559 1
0.9447702169418335 1
0.9103724360466003 1
0.8543146252632141 1
0.9351658225059509 1
0.917418360710144 1
0.8599513173103333 1
0.91917884349823 1
0.8434909582138062 1
0.862301766872406 1
0.9077984690666199 1
0.9217344522476196 1
0.8609111309051514 1
0.8511089086532593 1
0.9179147481918335 1
0.8345543742179871 1
0.9445093870162964 1
0.9152387380599976 1
0.9181029796600342 1
0.8494128584861755 1
0.915469229221344 1
0.7976688146591187 1
0.8726601600646973 1
0.843333899974823 1
0.9141663908958435 1
0.8147516250610352 1
0.9257205724716187 1
0.8779112696647644 1
0.9256777167320251 1
0.8763880133628845 1
0.9081496596336365 1
0.8623685836791992 1
0.8615900874137878 1
0.8124513030052185 1
0.8306791186332703 1
0.9067512154579163 1
0.8920239806175232 1
0.8538292050361633 1
0.8810474872589111 1
0.8747922778129578 0
0.7757999897003174 0
0.7127257585525513 0
0.8513001799583435 0
0.7663842439651489 0
0.7788290977478027 0
0.7644860744476318 0
0.801939845085144 0
0.8251650929450989 0
0.825223445892334 0
0.8571922183036804 0
0.8077211976051331 0
0.8685566186904907 0
0.8396598100662231 0
0.7207695841789246 0
0.8392022252082825 0
0.7900879383087158 0
0.6823529005050659 0
0.8076210021972656 0
0.7515970468521118 0
0.8411966562271118 0
0.7442721128463745 0
0.852686882019043 0
0.8180339932441711 0
0.8698016405105591 0
0.8365015387535095 0
0.7916900515556335 0
0.7621269822120667 0
0.7668613791465759 0
0.7516956329345703 0
0.9064416289329529 0
0.8399745225906372 0
0.9125429391860962 0
0.8527911305427551 0
0.7122008800506592 0
0.8046850562095642 0
0.8144747614860535 0
0.7409573197364807 0
0.8674112558364868 0
0.811899721622467 0
0.781168520450592 0
0.8295511603355408 0
0.833490252494812 0
0.806628406047821 0
0.7410356402397156 0
0.8416075706481934 0
0.8044607639312744 0
0.8429785966873169 0
0.886784017086029 0
0.850105881690979 0
0.8304041624069214 0
0.6581705212593079 0
0.7310561537742615 0
0.7757019400596619 0
0.7107784152030945 0
0.8592470288276672 0
0.725982129573822 0
0.9040995836257935 0
0.747218906879425 0
0.7506492137908936 0
0.8719988465309143 0
0.7886795997619629 0
0.782171905040741 0
0.6754404902458191 0
0.812944233417511 0
0.7190600633621216 0
0.7873907685279846 0
0.6960190534591675 0
0.7733274102210999 0
0.8054805994033813 0
0.8130366802215576 0
0.7802834510803223 0
0.7563849687576294 0
0.4923739433288574 0
0.735953688621521 0
0.6362642645835876 0
0.6584982872009277 0
0.54899001121521 0
0.6177574992179871 0
0.42154598236083984 0
0.5896452069282532 0
0.6346480250358582 0
0.6925892233848572 0
0.6894016265869141 0
0.7745935916900635 0
0.6054796576499939 0
0.6834229230880737 0
0.39793506264686584 0
0.4479244351387024 0
0.30236878991127014 0
0.40733426809310913 0
0.3026326894760132 0
0.3061065673828125 0
0.3806125819683075 0
0.35626915097236633 0
0.39800840616226196 0
0.45631662011146545 0
0.44201895594596863 0
0.4271186888217926 0
0.4245624840259552 0
0.345628559589386 0
0.4056127965450287 0
0.7274885177612305 0
0.7161628007888794 0
0.6567524671554565 0
0.6925473213195801 0
0.6435168385505676 0
0.7203417420387268 0
0.7007622718811035 0
0.6882240772247314 0
0.724428117275238 0
0.6326271295547485 0
0.6553817987442017 0
0.610561728477478 0
0.6476385593414307 0
0.6160329580307007 0
0.6310600638389587 0
0.8128981590270996 0
0.8142334222793579 0
0.8039547204971313 0
0.781080961227417 0
0.7300871014595032 0
0.783449113368988 0
0.6882431507110596 0
0.7185729146003723 0
0.615179717540741 0
0.6769154667854309 0
0.6878103613853455 0
0.8023406267166138 0
0.7208646535873413 0
0.6699429154396057 0
0.7530836462974548 0
0.6143895387649536 0
0.6864701509475708 0
0.8401433229446411 0
0.6152498126029968 0
0.4642563462257385 0
0.6421099901199341 0
0.679289698600769 0
0.7754687666893005 0
0.7249193787574768 0
0.8922790288925171 0
0.7078059911727905 0
0.645098090171814 0
0.8615335822105408 1
0.8530927896499634 1
0.8170862197875977 1
0.8673985004425049 1
0.888704240322113 1
0.9118895530700684 1
0.8291665315628052 1
0.8595494031906128 1
0.893232524394989 1
0.9212204217910767 1
0.86151123046875 1
0.8801225423812866 1
0.9275954365730286 1
0.9149530529975891 1
0.9097300171852112 1
0.8744879364967346 1
0.8299616575241089 1
0.9297655820846558 1
0.8832874894142151 1
0.9190813899040222 1
0.8719868659973145 1
0.9151942133903503 1
0.8261706233024597 1
0.8989285230636597 1
0.9295722246170044 1
0.8605981469154358 1
0.8534091711044312 1
0.8959910273551941 1
0.8727887868881226 1
0.9349576234817505 1
0.8964282274246216 1
0.918026864528656 1
0.8817025423049927 1
0.9169611930847168 1
0.8939386010169983 1
0.6758773922920227 1
0.9200924038887024 1
0.8892479538917542 1
0.9219658970832825 1
0.8732345104217529 1
0.9300304651260376 1
0.8501955270767212 1
0.7556381821632385 0
0.8019503951072693 0
0.7669897675514221 0
0.7854056358337402 0
0.7319848537445068 0
0.7514119148254395 0
0.7839050889015198 0
0.7852073907852173 0
0.6396506428718567 0
0.8176329135894775 0
0.8230583071708679 0
0.6901237964630127 0
0.7851877212524414 0
0.821473240852356 0
0.8346723914146423 0
0.97773277759552 1
0.9672704935073853 1
0.9544356465339661 1
0.9293361902236938 1
0.943983793258667 1
0.9421805143356323 1
0.9062402844429016 1
0.8996085524559021 1
0.9746456742286682 1
0.9666914939880371 1
0.9364506602287292 1
0.9057775139808655 1
0.9552615284919739 1
0.9571433663368225 1
0.941422164440155 1
0.8947341442108154 0
0.8737070560455322 0
0.9286636710166931 0
0.9087117910385132 0
0.8206384778022766 0
0.921888530254364 0
0.8840793371200562 0
0.8709205389022827 0
0.8998599648475647 0
0.8981128931045532 0
0.8615662455558777 0
0.8367410898208618 0
0.8665326833724976 0
0.8943025469779968 0
0.8738416433334351 0
0.9102556705474854 0
0.8295792937278748 0
0.8516040444374084 0
0.885410487651825 0
0.8694519400596619 0
0.87678062915802 0
0.8860920667648315 0
0.8567707538604736 0
0.8433431386947632 0
0.8679207563400269 0
0.7400819659233093 0
0.8724863529205322 0
0.8834658861160278 0
0.8638935685157776 0
0.8196908831596375 0
0.8030882477760315 0
0.574074387550354 0
0.8439738154411316 0
0.8695820569992065 0
0.8130189776420593 0
0.8386635184288025 0
0.9380333423614502 0
0.8507449626922607 0
0.7860297560691833 0
0.8395740985870361 0
0.8406646251678467 0
0.9200248718261719 0
0.47566935420036316 0
0.38187944889068604 0
0.3944006562232971 0
0.5721206665039062 0
0.49202701449394226 0
0.45141953229904175 0
0.5479822754859924 0
0.5298537015914917 0
0.3445357382297516 0
0.6252375245094299 0
0.6868516802787781 0
0.7024434208869934 0
0.49641868472099304 0
0.7017194628715515 0
0.44344305992126465 0
0.3575159013271332 0
0.29964566230773926 0
0.3027174770832062 0
0.3241245448589325 0
0.35247480869293213 0
0.39862969517707825 0
0.2592937648296356 0
0.31789544224739075 0
0.3225131034851074 0
0.43686240911483765 0
0.3761267066001892 0
0.3596625030040741 0
0.42269641160964966 0
0.353800892829895 0
0.8915177583694458 0
0.7529390454292297 0
0.8061316609382629 0
0.7473354935646057 0
0.7713325023651123 0
0.7151439785957336 0
0.7231332063674927 0
0.7445149421691895 0
0.8520493507385254 0
0.7660227417945862 0
0.7632169127464294 0
0.7689146995544434 0
0.802009642124176 0
0.8311027884483337 0
0.7308739423751831 0
0.8165987730026245 0
0.6855858564376831 0
0.7150729298591614 0
0.8099657297134399 0
0.8207109570503235 0
0.7721240520477295 0
0.7604070901870728 0
0.756838858127594 0
0.8285787105560303 0
0.8166680932044983 0
0.8163828253746033 0
0.7808804512023926 0
0.8214709162712097 0
0.7177996635437012 0
0.7890178561210632 0
0.8674250245094299 0
0.7820831537246704 0
0.7496155500411987 0
0.798091471195221 0
0.8068605065345764 0
0.7892799377441406 0
0.7136961221694946 0
0.7693074345588684 0
0.8145734071731567 0
0.8521526455879211 0
0.7976608276367188 0
0.788033127784729 0
0.8568171262741089 0
0.7512993812561035 0
0.7658275365829468 0
0.825024425983429 0
0.7252761125564575 0
0.7868940234184265 0
0.7457324266433716 0
0.8462063074111938 0
0.7791446447372437 0
0.8503080606460571 0
0.8170677423477173 0
0.7629664540290833 0
0.8011695146560669 0
0.6790110468864441 0
0.8238868117332458 0
0.7817279696464539 0
0.8546002507209778 0
0.8490968942642212 0
0.8436986207962036 0
0.7031908631324768 0
0.8058555126190186 0
0.8295043706893921 0
0.8807442784309387 0
0.8288547396659851 0
0.751720666885376 0
0.7110893726348877 0
0.8098004460334778 0
0.7748771905899048 0
0.6797153949737549 0
0.8036488890647888 0
0.741342306137085 0
0.8583793044090271 0
0.891889750957489 0
0.8375527858734131 0
0.8358975648880005 0
0.7904587984085083 0
0.8198322057723999 0
0.8185569643974304 0
0.7913735508918762 0
0.7915832996368408 0
0.5351681709289551 0
0.8077341318130493 0
0.7968639135360718 0
0.9491954445838928 1
0.9248344898223877 1
0.8593401312828064 1
0.952340304851532 1
0.9248411655426025 1
0.966952383518219 1
0.9578751921653748 1
0.855262815952301 1
0.9685960412025452 1
0.9623011946678162 1
0.966156542301178 1
0.94012850522995 1
0.9218462109565735 1
0.9497877955436707 1
0.9696914553642273 1
0.9187784790992737 1
0.9555299282073975 1
0.9231106638908386 1
0.9385006427764893 1
0.9790423512458801 1
0.9386074542999268 1
0.9355254769325256 1
0.9294803142547607 1
0.944377601146698 1
0.9557029604911804 1
0.9360110759735107 1
0.9331493973731995 1
0.9730266332626343 1
0.942874550819397 1
0.9718490242958069 1
0.8514953255653381 0
0.7912312746047974 0
0.9108502268791199 0
0.8317379951477051 0
0.8795333504676819 0
0.9112619757652283 0
0.8454717397689819 0
0.8561554551124573 0
0.8542603254318237 0
0.8777970671653748 0
0.8253691792488098 0
0.8692739009857178 0
0.8553054928779602 0
0.8570810556411743 0
0.8842158317565918 0
0.8733764886856079 0
0.8993446826934814 0
0.8851787447929382 0
0.8369378447532654 0
0.9007845520973206 0
0.8738378882408142 0
0.8037265539169312 0
0.8072202801704407 0
0.8242112398147583 0
0.8387446403503418 0
0.8542992472648621 0
0.8507698774337769 0
0.8955065608024597 0
0.8459879159927368 0
0.867389440536499 0
0.8268693685531616 0
0.8646360635757446 0
0.8538379669189453 0
0.8532178401947021 0
0.8171504139900208 0
0.7815648317337036 0
0.9145948886871338 0
0.8645007014274597 0
0.8633652925491333 0
0.899271547794342 0
0.922713041305542 0
0.7845314145088196 0
0.6049018502235413 0
0.6109768748283386 0
0.5268378257751465 0
0.5730007290840149 0
0.522286057472229 0
0.48856934905052185 0
0.37436163425445557 0
0.44499582052230835 0
0.5628804564476013 0
0.4952766001224518 0
0.5846738815307617 0
0.6535427570343018 0
0.5136048793792725 0
0.5615336894989014 0
0.5382242202758789 0
0.24282531440258026 0
0.3006700873374939 0
0.2720426917076111 0
0.2893848121166229 0
0.43992549180984497 0
0.2683250606060028 0
0.3722737729549408 0
0.44882312417030334 0
0.384506493806839 0
0.3419848084449768 0
0.4459807276725769 0
0.2084156721830368 0
0.3424311578273773 0
0.4749242663383484 0
0.7595549821853638 0
0.6928930282592773 0
0.7726545929908752 0
0.7473884224891663 0
0.7713618278503418 0
0.7195409536361694 0
0.8392297625541687 0
0.675900936126709 0
0.7011144161224365 0
0.7462738156318665 0
0.7318021059036255 0
0.801190972328186 0
0.7225466966629028 0
0.7790936231613159 0
0.7307775616645813 0
0.7519720196723938 0
0.8049178123474121 0
0.7812439799308777 0
0.7588930726051331 0
0.6660095453262329 0
0.7773525714874268 0
0.8426898121833801 0
0.7534152269363403 0
0.7776699662208557 0
0.7701948285102844 0
0.6549041867256165 0
0.7518587708473206 0
0.8209698796272278 0
0.7169119119644165 0
0.825291097164154 0
0.8280637860298157 0
0.8491095900535583 0
0.8550882935523987 0
0.8435083627700806 0
0.8505902290344238 0
0.8289297223091125 0
0.7830347418785095 0
0.7616084218025208 0
0.7887759208679199 0
0.7921773791313171 0
0.7903872728347778 0
0.7733166217803955 0
0.8380963802337646 0
0.834861695766449 0
0.7800065279006958 0
0.8605818152427673 0
0.814769446849823 0
0.8423260450363159 0
0.8438515067100525 0
0.8787193894386292 0
0.7336525917053223 0
0.8074982762336731 0
0.74152010679245 0
0.8832342028617859 0
0.8614588975906372 0
0.8619045615196228 0
0.8639357686042786 0
0.795322835445404 0
0.8780602812767029 0
0.9110791683197021 0
0.8469372391700745 0
0.7107071280479431 0
0.8827120661735535 0
0.7733198404312134 0
0.8146415948867798 0
0.8997238278388977 0
0.660129964351654 0
0.9213272929191589 0
0.8131686449050903 0
0.6839134693145752 0
0.8321482539176941 0
0.8289799094200134 0
0.7936633825302124 0
0.8529508709907532 0
0.8677765727043152 0
0.7330628037452698 0
0.8925340175628662 0
0.8749794960021973 0
0.8955543041229248 0
0.8945699334144592 0
0.8883132934570312 0
0.7833818793296814 0
0.8487643599510193 0
0.8302253484725952 0
0.8792117834091187 0
0.8597041964530945 0
0.9427086114883423 0
0.8483151793479919 0
0.818988025188446 0
0.8000257015228271 0
0.8716079592704773 0
0.9261578917503357 0
0.8933628797531128 0
0.8925106525421143 0
0.82515549659729 0
0.8884738087654114 0
0.8387929201126099 0
0.8839507699012756 0
0.9421794414520264 0
0.898339569568634 0
0.9211279153823853 0
0.8429579138755798 0
0.8686473369598389 0
0.8905776739120483 0
0.9053230881690979 0
0.9184948205947876 0
0.9026386141777039 0
0.8782891035079956 0
0.862237811088562 0
0.8946054577827454 0
0.86045902967453 0
0.871799647808075 0
0.875634491443634 0
0.8674160242080688 0
0.7402368783950806 0
0.9450448751449585 1
0.9475862979888916 1
0.903112530708313 1
0.9308260679244995 1
0.9713491797447205 1
0.9181473255157471 1
0.9746914505958557 1
0.8458316326141357 1
0.945499062538147 1
0.9192072153091431 1
0.9497504234313965 1
0.9488223791122437 1
0.9423591494560242 1
0.9325957894325256 1
0.9382472634315491 1
0.9555339813232422 1
0.9144940972328186 1
0.936805784702301 1
0.9194403290748596 1
0.8611520528793335 1
0.9523571133613586 1
0.9040814638137817 1
0.9658987522125244 1
0.9613208174705505 1
0.9624589681625366 1
0.89780193567276 1
0.8910250663757324 1
0.968506932258606 1
0.9722726941108704 1
0.9522138237953186 1
0.8935245275497437 1
0.8386223316192627 1
0.9072099328041077 1
0.958955705165863 1
0.8605701923370361 1
0.9232036471366882 1
0.9146803021430969 1
0.9092118144035339 1
0.8442239165306091 1
0.9309403300285339 1
0.952601969242096 1
0.9028276205062866 1
0.5255370736122131 0
0.5437425971031189 0
0.5881370306015015 0
0.46009406447410583 0
0.5481934547424316 0
0.5916271805763245 0
0.5964828729629517 0
0.38969212770462036 0
0.567356526851654 0
0.6125221848487854 0
0.3310529291629791 0
0.49663710594177246 0
0.4104246199131012 0
0.55275958776474 0
0.5776516795158386 0
0.3310689926147461 0
0.3287181258201599 0
0.30820414423942566 0
0.3372580111026764 0
0.32389846444129944 0
0.2960144281387329 0
0.3500770926475525 0
0.3332117199897766 0
0.3825593590736389 0
0.2538973391056061 0
0.30755969882011414 0
0.2414931356906891 0
0.5068382620811462 0
0.3233286142349243 0
0.8685666918754578 0
0.8138441443443298 0
0.9001177549362183 0
0.8814563155174255 0
0.7023904323577881 0
0.8323051929473877 0
0.8743492364883423 0
0.7795602679252625 0
0.8334481716156006 0
0.8118804693222046 0
0.7724584341049194 0
0.863294243812561 0
0.8069095015525818 0
0.7497043013572693 0
0.8414686322212219 0
0.8632298707962036 0
0.783851146697998 0
0.837315022945404 0
0.8000024557113647 0
0.8555640578269958 0
0.8603301644325256 0
0.8883000612258911 0
0.7937813401222229 0
0.7623398303985596 0
0.9039625525474548 0
0.7873014211654663 0
0.8283972144126892 0
0.795879602432251 0
0.761749267578125 0
0.8750170469284058 0
0.8414722681045532 0
0.7519400119781494 0
0.7530198097229004 0
0.5926643013954163 0
0.8640602827072144 0
0.7927173376083374 0
0.7221988439559937 0
0.8163569569587708 0
0.8702349066734314 0
0.8440554738044739 0
0.8479442000389099 0
0.8230878710746765 0
0.8010601997375488 0
0.8030413389205933 0
0.7353297472000122 0
0.8587948679924011 0
0.8144806623458862 0
0.7790191173553467 0
0.83097904920578 0
0.8720179796218872 0
0.8044582009315491 0
0.8756763935089111 0
0.8678033351898193 0
0.8089836239814758 0
0.8669130802154541 0
0.8475247621536255 0
0.7816002368927002 0
0.9097580909729004 0
0.8121588230133057 0
0.8802489638328552 0
0.7672596573829651 0
0.8599446415901184 0
0.8254062533378601 0
0.833103597164154 0
0.8749306201934814 0
0.7597893476486206 0
0.7683570384979248 0
0.8426271677017212 0
0.8694871664047241 0
0.7238949537277222 0
0.524505078792572 0
0.7595980763435364 0
0.8047785758972168 0
0.8230891823768616 0
0.8084689378738403 0
0.8087393641471863 0
0.7808413505554199 0
0.7742879986763 0
0.8102757334709167 0
0.8789235353469849 0
0.7643029689788818 0
0.8063033819198608 0
0.7557348608970642 0
0.7992470264434814 0
0.8117071986198425 0
0.8314657211303711 0
0.910056471824646 0
0.8617704510688782 0
0.8472409248352051 0
0.8986093997955322 0
0.8232000470161438 0
0.7822842597961426 0
0.8553699254989624 0
0.8297896385192871 0
0.8634687662124634 0
0.8554478287696838 0
0.8758262395858765 0
0.8758301734924316 0
0.8366669416427612 0
0.8252032995223999 0
0.876539945602417 0
0.8856148719787598 0
0.8323191404342651 0
0.7717306017875671 0
0.8182761669158936 0
0.85145103931427 0
0.8112977147102356 0
0.8447996973991394 0
0.8565324544906616 0
0.8758689165115356 0
0.7893511652946472 0
0.8627674579620361 0
0.8301037549972534 0
0.8534327745437622 0
0.9415752291679382 1
0.884331226348877 1
0.9064313173294067 1
0.9200326204299927 1
0.9170995950698853 1
0.9039835333824158 1
0.9624758958816528 1
0.9505509734153748 1
0.9662827849388123 1
0.9623786211013794 1
0.9531047344207764 1
0.9451463222503662 1
0.9140709042549133 1
0.8570253252983093 1
0.9612246155738831 1
0.9425586462020874 1
0.9266295433044434 1
0.9644883871078491 1
0.9464836716651917 1
0.9695074558258057 1
0.876486599445343 1
0.9436287879943848 1
0.9603321552276611 1
0.9399818778038025 1
0.9273490905761719 1
0.9432796835899353 1
0.9805845618247986 1
0.9562604427337646 1
0.9680007696151733 1
0.9306051731109619 1
1.0000001192092896 1
0.9330947995185852 1
0.863922119140625 1
0.9607160687446594 1
0.9465245604515076 1
0.9349977970123291 1
0.890818178653717 1
0.9219616055488586 1
0.9297738075256348 1
0.9417601227760315 1
0.9416149854660034 1
0.891344428062439 1
0.9081695079803467 1
0.45106157660484314 0
0.5315154790878296 0
0.49567681550979614 0
0.5108019709587097 0
0.4362391233444214 0
0.5995122790336609 0
0.4583316743373871 0
0.4886370003223419 0
0.3711392879486084 0
0.5798580646514893 0
0.671856701374054 0
0.4962550699710846 0
0.5790239572525024 0
0.5551477074623108 0
0.3113774359226227 0
0.28446465730667114 0
0.23025037348270416 0
0.31522807478904724 0
0.3572951853275299 0
0.32543084025382996 0
0.2187943309545517 0
0.25124552845954895 0
0.19393925368785858 0
0.23878136277198792 0
0.37746405601501465 0
0.41321858763694763 0
0.3002018630504608 0
0.35367897152900696 0
0.24197284877300262 0
0.8448718190193176 0
0.8026949763298035 0
0.9108725786209106 0
0.7168179154396057 0
0.7620564699172974 0
0.8272067904472351 0
0.7553985714912415 0
0.8296898603439331 0
0.8916391730308533 0
0.843846321105957 0
0.8228662610054016 0
0.8492317795753479 0
0.7685770392417908 0
0.8725724816322327 0
0.6221745014190674 0
0.9000817537307739 0
0.888132631778717 0
0.8948236107826233 0
0.8586629033088684 0
0.8836064338684082 0
0.7779820561408997 0
0.8388082981109619 0
0.8172070384025574 0
0.8498798608779907 0
0.8512454628944397 0
0.8398399353027344 0
0.8907091021537781 0
0.7895667552947998 0
0.8719829320907593 0
0.8481242060661316 0
0.8172692656517029 0
0.8665724396705627 0
0.8799044489860535 0
0.82000732421875 0
0.7447195053100586 0
0.7824118137359619 0
0.8247374892234802 0
0.8363710641860962 0
0.9104489088058472 0
0.7155529856681824 0
0.8334493637084961 0
0.7948658466339111 0
0.802056610584259 0
0.8108713626861572 0
0.7746508717536926 0
0.8745121955871582 0
0.8644754886627197 0
0.7951219081878662 0
0.8572595715522766 0
0.7715409398078918 0
0.8628994226455688 0
0.811699390411377 0
0.8122787475585938 0
0.8989742398262024 0
0.8780878782272339 0
0.7051984071731567 0
0.9150139093399048 0
0.7981958985328674 0
0.7905585765838623 0
0.8406709432601929 0
0.8366870284080505 0
0.7929520606994629 0
0.7815831303596497 0
0.8044279217720032 0
0.7740925550460815 0
0.8563055396080017 0
0.8220371007919312 0
0.8348990678787231 0
0.8161311149597168 0
0.791032612323761 0
0.7620077729225159 0
0.8839092254638672 0
0.6717044115066528 0
0.8598126769065857 0
0.7906153202056885 0
0.7802346348762512 0
0.7287163734436035 0
0.6532831788063049 0
0.8482629060745239 0
0.6844449639320374 0
0.8792375922203064 0
0.60563063621521 0
0.605491578578949 0
0.6382632851600647 0
0.613097071647644 0
0.6378950476646423 0
0.6040711402893066 0
0.5306701064109802 0
0.6050458550453186 0
0.4110964834690094 0
0.5061109662055969 0
0.5457768440246582 0
0.41524675488471985 0
0.5777053833007812 0
0.5838265419006348 0
0.5969802737236023 0
0.5452776551246643 0
0.5275635123252869 0
0.47361642122268677 0
0.4418945610523224 0
0.592689573764801 0
0.5214273929595947 0
0.4940956234931946 0
0.45298200845718384 0
0.5274286270141602 0
0.6468718647956848 0
0.724406898021698 0
0.43101486563682556 0
0.6096106767654419 0
0.39021268486976624 0
0.5629957914352417 0
0.521817147731781 0
0.5738840103149414 0
0.4806641638278961 0
0.41615748405456543 0
0.5515100955963135 0
0.44003134965896606 0
0.4306880235671997 0
0.555546760559082 0
0.35490766167640686 0
0.5622641444206238 0
0.5154312252998352 0
0.45058655738830566 0
0.5392596125602722 0
0.48521944880485535 0
0.384475439786911 0
0.6242707371711731 0
0.5226898193359375 0
0.43204230070114136 0
0.4292614758014679 0
0.4418541491031647 0
0.48682039976119995 0
0.4733768701553345 0
0.5117768049240112 0
0.4554400146007538 0
0.5145344734191895 0
0.4622088372707367 0
0.45268452167510986 0
0.6087236404418945 0
0.41084417700767517 0
0.4942260980606079 0
0.6049081683158875 0
0.5363739132881165 0
0.5022650361061096 0
0.3013867735862732 0
0.4206852912902832 0
0.6265297532081604 0
0.44495508074760437 0
0.52936851978302 0
0.6015821099281311 0
0.4514268636703491 0
0.599603533744812 0
0.563788652420044 0
0.4877639710903168 0
0.3119891881942749 0
0.461188405752182 0
0.5110887289047241 0
0.8165884613990784 1
0.9150643348693848 1
0.8857442140579224 1
0.8851405382156372 1
0.8832217454910278 1
0.8862777352333069 1
0.671532392501831 1
0.9031166434288025 1
0.8919971585273743 1
0.842599093914032 1
0.8432874083518982 1
0.8354553580284119 1
0.7832870483398438 1
0.8630104660987854 1
0.6199599504470825 1
0.5709847211837769 1
0.6673546433448792 1
0.6011963486671448 1
0.6256822347640991 1
0.5352064371109009 1
0.5978769659996033 1
0.5987253189086914 1
0.5953429937362671 1
0.5769893527030945 1
0.6385298371315002 1
0.5693606734275818 1
0.45223429799079895 1
0.582304060459137 1
0.6551908850669861 1
0.20203986763954163 0
0.26847177743911743 0
0.41069385409355164 0
0.4832954406738281 0
0.4083207845687866 0
0.3970649540424347 0
0.43465209007263184 0
0.2966431975364685 0
0.5375784039497375 0
0.409130334854126 0
0.4459249675273895 0
0.44132527709007263 0
0.32025039196014404 0
0.42135336995124817 0
0.4232011139392853 0
0.4293590188026428 0
0.32810676097869873 0
0.44626355171203613 0
0.3236387372016907 0
0.30933815240859985 0
0.3690437078475952 0
0.35993528366088867 0
0.28270280361175537 0
0.23251532018184662 0
0.3510708808898926 0
0.4261597990989685 0
0.47036921977996826 0
0.1836387664079666 0
0.3010358214378357 0
0.30944713950157166 0
0.4323749244213104 0
0.3379042446613312 0
0.3578290343284607 0
0.4305015206336975 0
0.3853674829006195 0
0.4398115873336792 0
0.32710421085357666 0
0.39715591073036194 0
0.30831998586654663 0
0.3904320001602173 0
0.4477021396160126 0
0.17289966344833374 0
0.3017866313457489 0
0.3619011640548706 0
0.41995877027511597 0
0.4201606810092926 0
0.41251710057258606 0
0.4134996235370636 0
0.20479992032051086 0
0.47041624784469604 0
0.28584587574005127 0
0.4079473316669464 0
0.40010833740234375 0
0.38574475049972534 0
0.3692280054092407 0
0.339505672454834 0
0.47282564640045166 0
0.37655335664749146 0
0.4037729501724243 0
0.4832529127597809 0
0.35582172870635986 0
0.39424991607666016 0
0.31699252128601074 0
0.34984347224235535 0
0.31332823634147644 0
0.3781123757362366 0
0.2808718681335449 0
0.41309016942977905 0
0.4601515233516693 0
0.4534228444099426 0
0.5198665857315063 0
0.39632830023765564 0
0.4106212258338928 0
0.5215411186218262 0
0.24639055132865906 0
0.3002091348171234 0
0.3924643099308014 0
0.42767301201820374 0
0.34332650899887085 0
0.36849114298820496 0
0.35273289680480957 0
0.3742309510707855 0
0.5315847396850586 0
0.3788456320762634 0
0.28337839245796204 0
0.39432835578918457 0
0.35262468457221985 0
0.3071935772895813 0
0.4196102023124695 0
0.28812333941459656 0
0.33228203654289246 0
0.33139854669570923 0
0.3334785997867584 0
0.3925352096557617 0
0.28984323143959045 0
0.30824530124664307 0
0.39231058955192566 0
0.2755872905254364 0
0.24564138054847717 0
0.41030967235565186 0
0.39728477597236633 0
0.39547428488731384 0
0.27221566438674927 0
0.40360549092292786 0
0.27648624777793884 0
0.2928595542907715 0
0.23257982730865479 0
0.30399394035339355 0
0.3739100396633148 0
0.3145521581172943 0
0.3148411214351654 0
0.36241579055786133 0
0.33711764216423035 0
0.3207956850528717 0
0.2942209243774414 0
0.3101297616958618 0
0.43273547291755676 0
0.396688312292099 0
0.3484918475151062 0
0.35155484080314636 0
0.32571160793304443 0
0.31468191742897034 0
0.2841961681842804 0
0.3747352957725525 0
0.38937845826148987 0
0.3680092990398407 0
0.2857201397418976 0
0.3242906928062439 0
0.2928619384765625 0
0.26641908288002014 0
0.40336960554122925 0
0.4248088002204895 0
0.33009546995162964 0
0.3635993003845215 0
0.3456277847290039 0
0.29410645365715027 0
0.3251097500324249 0
0.23626312613487244 0
0.3793846666812897 0
0.3391161561012268 0
0.32954975962638855 0
0.28522130846977234 0
0.3720921277999878 0
0.44089287519454956 0
0.2208048403263092 0
0.37156519293785095 0
0.3983195424079895 0
0.3562890589237213 0
0.253508985042572 0
0.3414306938648224 0
0.2983683943748474 0
0.3347281813621521 0
0.4380195438861847 0
0.24815259873867035 0
0.3439399302005768 0
0.13153408467769623 0
0.6053767800331116 1
0.5771051049232483 1
0.6508910059928894 1
0.571751058101654 1
0.6285081505775452 1
0.5511857271194458 1
0.649991512298584 1
0.6459617018699646 1
0.622078537940979 1
0.49853602051734924 1
0.6264193058013916 1
0.682374119758606 1
0.5900388956069946 1
0.538292646408081 1
0.468605637550354 1
0.7555820345878601 1
0.8536288738250732 1
0.9322880506515503 1
0.8631083965301514 1
0.9072696566581726 1
0.8903957605361938 1
0.8790487051010132 1
0.9259375929832458 1
0.9014161229133606 1
0.8471410870552063 1
0.8983150720596313 1
0.870844841003418 1
0.913646936416626 1
0.9186272025108337 1
0.2119072526693344 0
