0.9085220098495483 1
0.9280382394790649 1
0.928088366985321 1
0.8796261548995972 1
0.8043363690376282 1
0.8960677981376648 1
0.8777437210083008 1
0.8933563232421875 1
0.9453935623168945 1
0.9279617071151733 1
0.8685476779937744 1
0.9416146874427795 1
0.920972466468811 1
0.9116281867027283 1
0.9343591332435608 1
0.8587577939033508 1
0.8742569088935852 1
0.9293934106826782 1
0.8955290913581848 1
0.8848275542259216 1
0.9069088697433472 1
0.9316163659095764 1
0.9508754014968872 1
0.9582293629646301 1
0.9241378903388977 1
0.9100938439369202 1
0.9047479033470154 1
0.8961504697799683 1
0.8279268741607666 1
0.9022780060768127 1
0.9376440644264221 1
0.9521317481994629 1
0.9576982259750366 1
0.9515030980110168 1
0.8973555564880371 1
0.8972052931785583 1
0.9550597071647644 1
0.9551478028297424 1
0.9310925602912903 1
0.8162424564361572 1
0.8681706190109253 1
0.9150875210762024 1
0.5678083300590515 0
0.6071673631668091 0
0.6429226398468018 0
0.588985800743103 0
0.5588509440422058 0
0.6075173020362854 0
0.6381624937057495 0
0.6514108777046204 0
0.677345871925354 0
0.6346775889396667 0
0.5093052387237549 0
0.7552160024642944 0
0.6855125427246094 0
0.6782304048538208 0
0.6306266188621521 0
0.5504045486450195 0
0.6538084745407104 0
0.6982907056808472 0
0.770790696144104 0
0.5930857062339783 0
0.6878094673156738 0
0.8551678657531738 0
0.5667887330055237 0
0.48903581500053406 0
0.6513251662254333 0
0.7195174098014832 0
0.5422204732894897 0
0.5419223308563232 0
0.5942330360412598 0
0.6861741542816162 0
0.7171735763549805 0
0.7267686128616333 0
0.5820930004119873 0
0.7248578667640686 0
0.4892332851886749 0
0.7023045420646667 0
0.6649235486984253 0
0.6482689380645752 0
0.7101536989212036 0
0.6054856181144714 0
0.6467300057411194 0
0.5891281962394714 0
0.6325538158416748 0
0.6029950976371765 0
0.6498591303825378 0
0.6203404664993286 0
0.7196979522705078 0
0.6819102168083191 0
0.6804653406143188 0
0.6878169775009155 0
0.7206598520278931 0
0.7190242409706116 0
0.6574209928512573 0
0.6691913604736328 0
0.7057982087135315 0
0.7351568341255188 0
0.6843702793121338 0
0.6379566192626953 0
0.7190693616867065 0
0.6962445974349976 0
0.5635582804679871 0
0.6074287295341492 0
0.5890151262283325 0
0.6719862818717957 0
0.685204803943634 0
0.6084352135658264 0
0.6173533201217651 0
0.6095967292785645 0
0.7196890115737915 0
0.701958179473877 0
0.7038501501083374 0
0.6457748413085938 0
0.6536185145378113 0
0.7378142476081848 0
0.8107542991638184 0
0.8266431093215942 0
0.732814371585846 0
0.7961950898170471 0
0.692531943321228 0
0.6834995150566101 0
0.8555846214294434 0
0.7730756998062134 0
0.7733482122421265 0
0.7797881960868835 0
0.7312692403793335 0
0.6292950510978699 0
0.7462848424911499 0
0.7844658493995667 0
0.7420505285263062 0
0.7915160059928894 0
0.8243014216423035 0
0.7683165073394775 0
0.8537284731864929 0
0.6643475890159607 0
0.5000334978103638 0
0.7951804399490356 0
0.7206876277923584 0
0.702852189540863 0
0.7392677664756775 0
0.7475728392601013 0
0.7700468301773071 0
0.6394286751747131 0
0.6849263310432434 0
0.7380898594856262 0
0.6221416592597961 0
0.8157395720481873 0
0.7374587059020996 0
0.49529770016670227 0
0.7975229620933533 0
0.6301419138908386 0
0.6704657077789307 0
0.656269371509552 0
0.7170542478561401 0
0.8502594232559204 0
0.23970749974250793 0
0.32979968190193176 0
0.32258495688438416 0
0.3361106216907501 0
0.24554073810577393 0
0.1952362358570099 0
0.15109555423259735 0
0.2334681749343872 0
0.18952201306819916 0
0.26174473762512207 0
0.22622378170490265 0
0.2873522937297821 0
0.28670865297317505 0
0.2879665791988373 0
0.19618624448776245 0
0.10691972076892853 0
0.1983514130115509 0
0.09542761743068695 0
0.14233750104904175 0
0.16070635616779327 0
0.04462951049208641 0
0.1693321317434311 0
0.043667253106832504 0
0.16052532196044922 0
0.16478416323661804 0
0.13779236376285553 0
0.06607069075107574 0
0.16622135043144226 0
0.09872637689113617 0
0.9067785739898682 1
0.9470152854919434 1
0.9001528024673462 1
0.9436889290809631 1
0.8854691386222839 1
0.7451449632644653 1
0.8966284394264221 1
0.8268377780914307 1
0.9030410051345825 1
0.9002809524536133 1
0.7328952550888062 1
0.9080949425697327 1
0.9355554580688477 1
0.9521604776382446 1
0.9194941520690918 1
0.9388657808303833 1
0.8786917924880981 1
0.8554682731628418 1
0.8626108169555664 1
0.8687373399734497 1
0.8813287019729614 1
0.9641346335411072 1
0.8499864339828491 1
0.871557354927063 1
0.7994406819343567 1
0.9143867492675781 1
0.750608503818512 1
0.875826895236969 1
0.9062353372573853 1
0.9040052890777588 1
0.9166780114173889 1
0.8134134411811829 1
0.9319494962692261 1
0.9082744121551514 1
0.8521831631660461 1
0.9628772735595703 1
0.7920478582382202 1
0.9637620449066162 1
0.834709644317627 1
0.958400309085846 1
0.9606286287307739 1
0.9382369518280029 1
0.9176592230796814 1
0.6570945978164673 0
0.49916210770606995 0
0.7131752967834473 0
0.6962407231330872 0
0.6925824284553528 0
0.6656303405761719 0
0.5725712180137634 0
0.4876933693885803 0
0.6622572541236877 0
0.598812997341156 0
0.6471952199935913 0
0.6494898200035095 0
0.6918887495994568 0
0.7075246572494507 0
0.6878790855407715 0
0.6854619383811951 0
0.6571242809295654 0
0.6915938258171082 0
0.4669405519962311 0
0.703277587890625 0
0.6730579733848572 0
0.5860321521759033 0
0.6691122055053711 0
0.4993734061717987 0
0.7145007848739624 0
0.5223641395568848 0
0.5562305450439453 0
0.5486099123954773 0
0.5284797549247742 0
0.5232043862342834 0
0.569226086139679 0
0.687563419342041 0
0.5363090634346008 0
0.6143882870674133 0
0.5178654789924622 0
0.7434964179992676 0
0.646745502948761 0
0.5581677556037903 0
0.641224205493927 0
0.5837402939796448 0
0.4401499032974243 0
0.7058355808258057 0
0.5813286900520325 0
0.6914372444152832 0
0.6450828313827515 0
0.5846002101898193 0
0.5374563932418823 0
0.5798391699790955 0
0.5931977033615112 0
0.5117673873901367 0
0.4616242051124573 0
0.48442965745925903 0
0.550241231918335 0
0.7237685322761536 0
0.5915576219558716 0
0.6238206028938293 0
0.5528649091720581 0
0.6015463471412659 0
0.5852633118629456 0
0.5315653681755066 0
0.5393031239509583 0
0.6228176355361938 0
0.645911455154419 0
0.5829465985298157 0
0.5792834758758545 0
0.6087393760681152 0
0.6171067953109741 0
0.7035547494888306 0
0.7047425508499146 0
0.5212253332138062 0
0.6637822985649109 0
0.5868845582008362 0
0.6925637125968933 0
0.7050899267196655 0
0.7191122770309448 0
0.7860925793647766 0
0.7770834565162659 0
0.6272724270820618 0
0.6322411298751831 0
0.806658148765564 0
0.7473697662353516 0
0.8552510738372803 0
0.6772801280021667 0
0.5390036106109619 0
0.7282424569129944 0
0.6850879192352295 0
0.556147038936615 0
0.7347597479820251 0
0.5813835263252258 0
0.6459217667579651 0
0.5839113593101501 0
0.7360340356826782 0
0.8004233837127686 0
0.7472262978553772 0
0.7515683174133301 0
0.7611028552055359 0
0.6839408874511719 0
0.6751512289047241 0
0.5735001564025879 0
0.7430688142776489 0
0.7684795260429382 0
0.7480730414390564 0
0.7651802897453308 0
0.5831660032272339 0
0.6957132816314697 0
0.7626161575317383 0
0.6840864419937134 0
0.7877292633056641 0
0.7812968492507935 0
0.6023657321929932 0
0.7042568325996399 0
0.7709228992462158 0
0.7597452998161316 0
0.811042845249176 0
0.2937428653240204 0
0.3218115270137787 0
0.304025799036026 0
0.19958634674549103 0
0.23285546898841858 0
0.324567049741745 0
0.39678120613098145 0
0.2705959677696228 0
0.2852828800678253 0
0.29197484254837036 0
0.23626621067523956 0
0.26569217443466187 0
0.33870142698287964 0
0.4217640459537506 0
0.4218846559524536 0
0.18441469967365265 0
0.149234801530838 0
0.05847404897212982 0
0.0487762913107872 0
0.0828709602355957 0
0.07068877667188644 0
0.14826886355876923 0
0.1953205168247223 0
0.1793675571680069 0
0.08473449945449829 0
0.11771684885025024 0
0.10627281665802002 0
0.11534177511930466 0
0.16577310860157013 0
0.8990730047225952 1
0.9385579824447632 1
0.9391928315162659 1
0.8895421624183655 1
0.8203015327453613 1
0.8481727838516235 1
0.8310050368309021 1
0.9466052651405334 1
0.8419951796531677 1
0.9169273972511292 1
0.9436420202255249 1
0.8693189024925232 1
0.8640177249908447 1
0.9491052627563477 1
0.885535717010498 1
0.9022027254104614 1
0.9303457736968994 1
0.9707916378974915 1
0.8837517499923706 1
0.9108438491821289 1
0.920877993106842 1
0.9625304341316223 1
0.9057640433311462 1
0.8225756883621216 1
0.9114250540733337 1
0.8800835013389587 1
0.8706638216972351 1
0.9104407429695129 1
0.9595088958740234 1
0.9126268029212952 1
0.8563854098320007 1
0.8441130518913269 1
0.9160255789756775 1
0.8532528877258301 1
0.8971406817436218 1
0.888887345790863 1
0.7965919971466064 1
0.9448632597923279 1
0.973026692867279 1
0.8679777383804321 1
0.9257034063339233 1
0.8740074038505554 1
0.5355199575424194 0
0.6159061789512634 0
0.5469657778739929 0
0.5222378373146057 0
0.6636770963668823 0
0.7609441876411438 0
0.5150629281997681 0
0.6252075433731079 0
0.6362112164497375 0
0.656575620174408 0
0.9406157732009888 1
0.8769495487213135 1
0.8487278819084167 1
0.8038154244422913 1
0.9021556377410889 1
0.7575523257255554 1
0.9144842624664307 1
0.9256168603897095 1
0.7791990041732788 1
0.9100200533866882 1
0.9470895528793335 1
0.8763256072998047 1
0.8979759812355042 1
0.8791958093643188 1
0.8455182313919067 1
0.8679441213607788 1
0.6796870827674866 1
0.8958980441093445 1
0.8720475435256958 1
0.8536418676376343 1
0.8694754838943481 1
0.8772831559181213 1
0.9230743646621704 1
0.8843312859535217 1
0.804894745349884 1
0.8944547772407532 1
0.8340527415275574 1
0.9166796803474426 1
0.8584029674530029 1
0.905090868473053 1
0.8808141946792603 1
0.8229405879974365 1
0.6149564981460571 0
0.6120181679725647 0
0.6615792512893677 0
0.6922145485877991 0
0.6128910183906555 0
0.6272087097167969 0
0.5843319296836853 0
0.6601002812385559 0
0.6174531579017639 0
0.6792623996734619 0
0.6121654510498047 0
0.7159864902496338 0
0.5544323921203613 0
0.6296292543411255 0
0.5977075099945068 0
0.6325713992118835 0
0.5930061340332031 0
0.6549575328826904 0
0.6175022125244141 0
0.7076377868652344 0
0.534368634223938 0
0.5474948287010193 0
0.7047843933105469 0
0.6205229163169861 0
0.5878732204437256 0
0.6540729403495789 0
0.6712415814399719 0
0.7167628407478333 0
0.5640093088150024 0
0.5720134377479553 0
0.7142265439033508 0
0.7523339986801147 0
0.76091468334198 0
0.7994832992553711 0
0.6784629225730896 0
0.742684543132782 0
0.7589747309684753 0
0.7070885896682739 0
0.7408226132392883 0
0.7583277821540833 0
0.7070034146308899 0
0.7753109335899353 0
0.5847389698028564 0
0.6109704375267029 0
0.7145862579345703 0
0.6894851326942444 0
0.6707044243812561 0
0.618792712688446 0
0.776633620262146 0
0.828667402267456 0
0.7236586213111877 0
0.7551536560058594 0
0.7190885543823242 0
0.8055830001831055 0
0.7544316649436951 0
0.7719546556472778 0
0.724040687084198 0
0.7077227830886841 0
0.6861284375190735 0
0.5829941630363464 0
0.7289651036262512 0
0.770466148853302 0
0.48880189657211304 0
0.6087125539779663 0
0.6765754222869873 0
0.6928531527519226 0
0.6917629241943359 0
0.7074684500694275 0
0.876443088054657 0
0.8296055197715759 0
0.6725364327430725 0
0.6656350493431091 0
0.6320098638534546 0
0.5107424855232239 0
0.4779009222984314 0
0.48775073885917664 0
0.5369091629981995 0
0.5375522375106812 0
0.4540427029132843 0
0.4098358452320099 0
0.6097201704978943 0
0.36355939507484436 0
0.4096187949180603 0
0.5156686902046204 0
0.3058967888355255 0
0.4771655201911926 0
0.41150015592575073 0
0.23451624810695648 0
0.19061578810214996 0
0.2641194760799408 0
0.20263803005218506 0
0.33422234654426575 0
0.363712340593338 0
0.2721461355686188 0
0.25829049944877625 0
0.3130207061767578 0
0.2215607911348343 0
0.37399813532829285 0
0.3203955590724945 0
0.4174070358276367 0
0.28631314635276794 0
0.3030051589012146 0
0.582215428352356 0
0.6775340437889099 0
0.5604997873306274 0
0.6532403230667114 0
0.5996128916740417 0
0.7301734685897827 0
0.7073572874069214 0
0.6589275002479553 0
0.6856650114059448 0
0.6623186469078064 0
0.53831946849823 0
0.5803500413894653 0
0.4353272020816803 0
0.6076106429100037 0
0.5240322351455688 0
0.6027938723564148 0
0.6910200119018555 0
0.6022005677223206 0
0.7105456590652466 0
0.5018056631088257 0
0.5700992941856384 0
0.5956349968910217 0
0.5754972696304321 0
0.5946363806724548 0
0.6017196774482727 0
0.5963518619537354 0
0.7065960168838501 0
0.5719512701034546 0
0.6206538677215576 0
0.6099085211753845 0
0.5718125104904175 0
0.706298291683197 0
0.6270687580108643 0
0.6564537882804871 0
0.5621548891067505 0
0.6074371337890625 0
0.6869555115699768 0
0.6358141899108887 0
0.6578059196472168 0
0.6466277241706848 0
0.6633771061897278 0
0.46319547295570374 0
0.8354070782661438 1
0.8581106066703796 1
0.7852251529693604 1
0.7939997315406799 1
0.861297070980072 1
0.9185543060302734 1
0.9070623517036438 1
0.9410268068313599 1
0.9066265225410461 1
0.8159340023994446 1
0.8759027719497681 1
0.7278817892074585 1
0.8083371520042419 1
0.8815416097640991 1
0.8161211609840393 1
0.8367243409156799 1
0.736546516418457 1
0.8689760565757751 1
0.6902863383293152 1
0.9279435276985168 1
0.9288737773895264 1
0.9168664813041687 1
0.7950037717819214 1
0.9414139986038208 1
0.7986511588096619 1
0.7655515670776367 1
0.8738624453544617 1
0.9296718239784241 1
0.7816563248634338 1
0.8602818250656128 1
0.900372326374054 1
0.8925389051437378 1
0.8753185868263245 1
0.8759196400642395 1
0.9074016213417053 1
0.9098111391067505 1
0.8281741738319397 1
0.8200238347053528 1
0.8735387325286865 1
0.8913919925689697 1
0.8635025024414062 1
0.8383752703666687 1
0.7071042060852051 0
0.6550503373146057 0
0.6455914974212646 0
0.7368967533111572 0
0.744622528553009 0
0.6776919364929199 0
0.5695474743843079 0
0.554358720779419 0
0.6071209907531738 0
0.6314723491668701 0
0.6133971810340881 0
0.6674368977546692 0
0.5808972716331482 0
0.698535144329071 0
0.7092766761779785 0
0.7494587898254395 0
0.7895334959030151 0
0.5754514336585999 0
0.5827911496162415 0
0.4067510664463043 0
0.7562763094902039 0
0.604591965675354 0
0.5820424556732178 0
0.7690330147743225 0
0.6683574914932251 0
0.6975539922714233 0
0.5925072431564331 0
0.6154687404632568 0
0.5253585577011108 0
0.613430917263031 0
0.7024219632148743 0
0.8043811321258545 0
0.8149436712265015 0
0.7052410840988159 0
0.7364665269851685 0
0.7134003639221191 0
0.7154487371444702 0
0.700424313545227 0
0.7839443683624268 0
0.7493500709533691 0
0.7957403063774109 0
0.7328329086303711 0
0.6486622095108032 0
0.7075116634368896 0
0.5840608477592468 0
0.6455066800117493 0
0.633072018623352 0
0.7507549524307251 0
0.6668121814727783 0
0.5359483361244202 0
0.6199284791946411 0
0.4725739359855652 0
0.6875571012496948 0
0.7203634977340698 0
0.6683470010757446 0
0.7074722051620483 0
0.6432607173919678 0
0.7569069862365723 0
0.49774470925331116 0
0.6733824610710144 0
0.7746183276176453 0
0.694292426109314 0
0.5649011135101318 0
0.4953978359699249 0
0.7020805478096008 0
0.6379293203353882 0
0.6149783134460449 0
0.6277584433555603 0
0.6972519755363464 0
0.7396172285079956 0
0.6623190641403198 0
0.5539673566818237 0
0.641395092010498 0
0.41739797592163086 0
0.47229140996932983 0
0.5894700884819031 0
0.5204461216926575 0
0.511583685874939 0
0.4801059365272522 0
0.42774727940559387 0
0.511063277721405 0
0.5056501030921936 0
0.604425847530365 0
0.5115437507629395 0
0.5878097414970398 0
0.4033929705619812 0
0.5329533815383911 0
0.32093358039855957 0
0.2962825894355774 0
0.1977783590555191 0
0.4446442425251007 0
0.22375667095184326 0
0.16378812491893768 0
0.3579377830028534 0
0.3684734106063843 0
0.2693236172199249 0
0.30320632457733154 0
0.491887629032135 0
0.4606189429759979 0
0.2672666907310486 0
0.2959594130516052 0
0.2724215090274811 0
0.6061519384384155 0
0.5884507894515991 0
0.6197996735572815 0
0.5947191119194031 0
0.6401265859603882 0
0.6761329174041748 0
0.6367590427398682 0
0.5400722026824951 0
0.6639525294303894 0
0.5792423486709595 0
0.6324020028114319 0
0.576530396938324 0
0.5664167404174805 0
0.5416814088821411 0
0.5091306567192078 0
0.7260855436325073 0
0.641853392124176 0
0.7015451788902283 0
0.7660969495773315 0
0.6954910755157471 0
0.7411057949066162 0
0.714749813079834 0
0.7271082401275635 0
0.6670771837234497 0
0.669715404510498 0
0.5960694551467896 0
0.7089816927909851 0
0.48528215289115906 0
0.6385020017623901 0
0.6561180949211121 0
0.6189422011375427 0
0.7122587561607361 0
0.7463842630386353 0
0.641406238079071 0
0.49735578894615173 0
0.7017620801925659 0
0.6572638154029846 0
0.7440423965454102 0
0.6561339497566223 0
0.76588374376297 0
0.6231956481933594 0
0.5638198852539062 0
0.8586083650588989 1
0.9275542497634888 1
0.8373590111732483 1
0.915101945400238 1
0.7783704996109009 1
0.9145142436027527 1
0.8867405652999878 1
0.8887320756912231 1
0.9099729061126709 1
0.865542471408844 1
0.7753755450248718 1
0.8771154880523682 1
0.9132094383239746 1
0.8664209842681885 1
0.8518829941749573 1
0.8559721112251282 1
0.7522165775299072 1
0.9190611243247986 1
0.8628815412521362 1
0.8928143978118896 1
0.8380408883094788 1
0.9162450432777405 1
0.7055021524429321 1
0.851108193397522 1
0.857273519039154 1
0.9034221768379211 1
0.8643321990966797 1
0.8445383906364441 1
0.8847808241844177 1
0.9157344698905945 1
0.8868144750595093 1
0.8267983794212341 1
0.8184183239936829 1
0.9112004041671753 1
0.8952128887176514 1
0.8372490406036377 1
0.9338445663452148 1
0.8599188923835754 1
0.8664904236793518 1
0.8787245750427246 1
0.8756119608879089 1
0.8594999313354492 1
0.6397285461425781 0
0.5141085386276245 0
0.558578372001648 0
0.6560317873954773 0
0.6130923628807068 0
0.47905847430229187 0
0.5919748544692993 0
0.5287080407142639 0
0.5721573829650879 0
0.6396575570106506 0
0.5924702882766724 0
0.6278852224349976 0
0.6383489370346069 0
0.5282146334648132 0
0.6312358975410461 0
0.9554877281188965 1
0.9387231469154358 1
0.9399952292442322 1
0.8990622162818909 1
0.9645372033119202 1
0.9081519842147827 1
0.9030137658119202 1
0.8744708299636841 1
0.9433849453926086 1
0.9740021824836731 1
0.908279538154602 1
0.9036927819252014 1
0.9404525756835938 1
0.8883810639381409 1
0.9228571057319641 1
0.7768540382385254 0
0.787241518497467 0
0.8591071963310242 0
0.8428610563278198 0
0.7683135867118835 0
0.8594049215316772 0
0.8401761651039124 0
0.843390166759491 0
0.8135586977005005 0
0.8116817474365234 0
0.8054223656654358 0
0.7533847689628601 0
0.8859276175498962 0
0.7928593754768372 0
0.8706296682357788 0
0.805934488773346 0
0.7902889251708984 0
0.8183157444000244 0
0.8245445489883423 0
0.8265743255615234 0
0.8197191953659058 0
0.8409292697906494 0
0.7124245166778564 0
0.7914736270904541 0
0.8244400024414062 0
0.5948225259780884 0
0.7862986922264099 0
0.9053224921226501 0
0.8263893127441406 0
0.6630496978759766 0
0.7235799431800842 0
0.47319281101226807 0
0.7867981791496277 0
0.8289594650268555 0
0.7999439239501953 0
0.8032842874526978 0
0.8708894848823547 0
0.7892785668373108 0
0.6639566421508789 0
0.7979466915130615 0
0.6874309182167053 0
0.8418762683868408 0
0.2339600920677185 0
0.3378700315952301 0
0.3410322666168213 0
0.3492957353591919 0
0.3205532729625702 0
0.27150723338127136 0
0.3761032819747925 0
0.2484809309244156 0
0.2745347321033478 0
0.3520880341529846 0
0.5042020678520203 0
0.36754491925239563 0
0.239315003156662 0
0.46430596709251404 0
0.24617059528827667 0
0.08266393840312958 0
0.15973393619060516 0
0.13964492082595825 0
0.153895303606987 0
0.15427039563655853 0
0.08411773294210434 0
0.15068155527114868 0
0.13066567480564117 0
0.21866117417812347 0
0.2783083915710449 0
0.30451709032058716 0
0.18723683059215546 0
0.3072371184825897 0
0.16771845519542694 0
0.7993481755256653 0
0.5694905519485474 0
0.6122172474861145 0
0.5809005498886108 0
0.5522696375846863 0
0.5513972640037537 0
0.6347015500068665 0
0.6311529278755188 0
0.6876134276390076 0
0.7103711366653442 0
0.6575884819030762 0
0.7365057468414307 0
0.717800498008728 0
0.6844400763511658 0
0.5487838387489319 0
0.6829443573951721 0
0.5834934711456299 0
0.5882799625396729 0
0.6186082363128662 0
0.5972959399223328 0
0.6717615723609924 0
0.5153321027755737 0
0.5885949730873108 0
0.6819851398468018 0
0.7071874737739563 0
0.638499915599823 0
0.5895653963088989 0
0.6916016340255737 0
0.5537129044532776 0
0.6854307651519775 0
0.7526513934135437 0
0.5892637372016907 0
0.5804740786552429 0
0.6590238809585571 0
0.6975852251052856 0
0.6561823487281799 0
0.5287691354751587 0
0.6601571440696716 0
0.7262763977050781 0
0.66978520154953 0
0.6500219106674194 0
0.6098593473434448 0
0.7656190395355225 0
0.5136216282844543 0
0.4766523241996765 0
0.5891415476799011 0
0.6030355095863342 0
0.5773614645004272 0
0.6065394878387451 0
0.6327890753746033 0
0.5101763606071472 0
0.6994650959968567 0
0.6298536658287048 0
0.6278346180915833 0
0.6652489304542542 0
0.4945763051509857 0
0.6155503988265991 0
0.6109946966171265 0
0.6853541731834412 0
0.7246143817901611 0
0.6375057697296143 0
0.6111806035041809 0
0.5649924278259277 0
0.6802269220352173 0
0.668609082698822 0
0.6425527334213257 0
0.5505133271217346 0
0.5216615796089172 0
0.6855966448783875 0
0.600071907043457 0
0.5363703370094299 0
0.5897946357727051 0
0.548429548740387 0
0.7479888200759888 0
0.7680686116218567 0
0.5062262415885925 0
0.5988190770149231 0
0.5139789581298828 0
0.7180659174919128 0
0.523237943649292 0
0.5765781402587891 0
0.6988746523857117 0
0.5079519748687744 0
0.6603862643241882 0
0.5503585934638977 0
0.8662539124488831 1
0.8647028207778931 1
0.8613407611846924 1
0.8952318429946899 1
0.9422259330749512 1
0.9560946226119995 1
0.8996074199676514 1
0.9002844095230103 1
0.9448784589767456 1
0.9317691922187805 1
0.92452472448349 1
0.9184998869895935 1
0.8590479493141174 1
0.9178746938705444 1
0.9470363259315491 1
0.9130198955535889 1
0.9624602198600769 1
0.9218448996543884 1
0.9206216931343079 1
0.9528182744979858 1
0.9354618191719055 1
0.9042243361473083 1
0.915806233882904 1
0.9275926947593689 1
0.9479023218154907 1
0.9435549378395081 1
0.9094790816307068 1
0.9453413486480713 1
0.9438613057136536 1
0.9632285833358765 1
0.823497474193573 0
0.7214698791503906 0
0.8732731342315674 0
0.8369244933128357 0
0.7243194580078125 0
0.8203827738761902 0
0.7018662691116333 0
0.8139093518257141 0
0.8043663501739502 0
0.7372409701347351 0
0.7553359866142273 0
0.7732890844345093 0
0.7611046433448792 0
0.8008553981781006 0
0.8134307861328125 0
0.7634028196334839 0
0.8359321355819702 0
0.8405851125717163 0
0.8185603618621826 0
0.864075243473053 0
0.8218398690223694 0
0.7444067597389221 0
0.8077919483184814 0
0.6546179056167603 0
0.902166485786438 0
0.6696406006813049 0
0.7514510750770569 0
0.8021291494369507 0
0.8611660003662109 0
0.8662693500518799 0
0.840710461139679 0
0.8832589387893677 0
0.8870132565498352 0
0.8669489622116089 0
0.7938829064369202 0
0.7161149978637695 0
0.8495543003082275 0
0.8976020812988281 0
0.833642303943634 0
0.8443243503570557 0
0.8409686088562012 0
0.7237604856491089 0
0.27673444151878357 0
0.32100167870521545 0
0.38856595754623413 0
0.32982808351516724 0
0.33550530672073364 0
0.3076133131980896 0
0.31823810935020447 0
0.26002416014671326 0
0.30222833156585693 0
0.26229602098464966 0
0.3424081802368164 0
0.36376670002937317 0
0.2747829854488373 0
0.39884188771247864 0
0.25340625643730164 0
0.15158839523792267 0
0.11143277585506439 0
0.16182494163513184 0
0.10327710956335068 0
0.23874832689762115 0
0.13620124757289886 0
0.32140177488327026 0
0.1444498747587204 0
0.23745907843112946 0
0.23380142450332642 0
0.21913878619670868 0
0.10105405747890472 0
0.2404952049255371 0
0.17201296985149384 0
0.6189711093902588 0
0.5412991642951965 0
0.6291539669036865 0
0.6553660035133362 0
0.5928503274917603 0
0.4738275408744812 0
0.6926653981208801 0
0.5658938884735107 0
0.5676507353782654 0
0.6575682759284973 0
0.5694284439086914 0
0.7310879826545715 0
0.590416669845581 0
0.63808274269104 0
0.6226176619529724 0
0.6186501979827881 0
0.6505629420280457 0
0.6064490079879761 0
0.6916453242301941 0
0.504476010799408 0
0.6378729343414307 0
0.7405681610107422 0
0.5593204498291016 0
0.6174947619438171 0
0.6234188079833984 0
0.44134199619293213 0
0.5965741276741028 0
0.7660785913467407 0
0.5519307851791382 0
0.7174088954925537 0
0.686662495136261 0
0.7272233963012695 0
0.6722490191459656 0
0.6749034523963928 0
0.6900944113731384 0
0.7324622869491577 0
0.6169372797012329 0
0.5701834559440613 0
0.6504322290420532 0
0.596349835395813 0
0.6533344984054565 0
0.6347476243972778 0
0.6678512096405029 0
0.7004342079162598 0
0.6167542934417725 0
0.71663498878479 0
0.7090714573860168 0
0.7762038707733154 0
0.8062403202056885 0
0.709683895111084 0
0.6945042014122009 0
0.7224013805389404 0
0.6426202654838562 0
0.7825525999069214 0
0.7701643109321594 0
0.7819406390190125 0
0.8037636280059814 0
0.7200697660446167 0
0.7335339188575745 0
0.7660970091819763 0
0.749004065990448 0
0.4946020245552063 0
0.8604275584220886 0
0.6903933882713318 0
0.6973642110824585 0
0.7571384906768799 0
0.5471727848052979 0
0.8328224420547485 0
0.7398039698600769 0
0.49379613995552063 0
0.5544522404670715 0
0.6374486088752747 0
0.7117567658424377 0
0.7126765251159668 0
0.8036519885063171 0
0.6124720573425293 0
0.8237550258636475 0
0.6882516741752625 0
0.7081478834152222 0
0.8208655714988708 0
0.7435077428817749 0
0.7598984241485596 0
0.7143945097923279 0
0.688052773475647 0
0.8008533120155334 0
0.7963792085647583 0
0.818353533744812 0
0.8146877288818359 0
0.6310533285140991 0
0.6418841481208801 0
0.8678385019302368 0
0.8746717572212219 0
0.8565629124641418 0
0.7926914095878601 0
0.7642199397087097 0
0.8742678761482239 0
0.7278907299041748 0
0.7787196040153503 0
0.8419345021247864 0
0.8476114273071289 0
0.780181884765625 0
0.7768045663833618 0
0.8551409840583801 0
0.8229050636291504 0
0.8763275742530823 0
0.8384273052215576 0
0.8603232502937317 0
0.8233973979949951 0
0.6666612029075623 0
0.8131297826766968 0
0.8435016870498657 0
0.8566228151321411 0
0.8488194942474365 0
0.7807901501655579 0
0.7130813598632812 0
0.894406795501709 1
0.896154522895813 1
0.9070504903793335 1
0.8336116671562195 1
0.9439908266067505 1
0.8462134599685669 1
0.9215151071548462 1
0.7471932172775269 1
0.8777154684066772 1
0.8861847519874573 1
0.9300049543380737 1
0.8890660405158997 1
0.913148820400238 1
0.8889178037643433 1
0.7984334826469421 1
0.917073130607605 1
0.8891650438308716 1
0.9182153344154358 1
0.8478115797042847 1
0.823316216468811 1
0.9373583197593689 1
0.8602355718612671 1
0.8848516941070557 1
0.8799800872802734 1
0.8965076804161072 1
0.8974849581718445 1
0.8231999278068542 1
0.8968764543533325 1
0.9508729577064514 1
0.9243671298027039 1
0.9089052081108093 1
0.6795048117637634 1
0.8652563095092773 1
0.9276375770568848 1
0.8254419565200806 1
0.8466233015060425 1
0.7546344995498657 1
0.8875883221626282 1
0.6657524108886719 1
0.9368004202842712 1
0.8437365889549255 1
0.8742638230323792 1
0.35585319995880127 0
0.35663294792175293 0
0.381487101316452 0
0.4089585244655609 0
0.30560705065727234 0
0.465331494808197 0
0.29891517758369446 0
0.18883003294467926 0
0.3574867248535156 0
0.48690199851989746 0
0.3002443015575409 0
0.2687984108924866 0
0.40083226561546326 0
0.5340369939804077 0
0.5025587677955627 0
0.17833636701107025 0
0.2360500693321228 0
0.11330980062484741 0
0.1208357885479927 0
0.19373521208763123 0
0.1695420891046524 0
0.2261112779378891 0
0.2692253589630127 0
0.31063005328178406 0
0.16758157312870026 0
0.24739614129066467 0
0.13577668368816376 0
0.26122209429740906 0
0.218394935131073 0
0.7662146091461182 0
0.6655271649360657 0
0.8076756596565247 0
0.7684605717658997 0
0.5937408804893494 0
0.6008523106575012 0
0.6845119595527649 0
0.7650875449180603 0
0.7208576202392578 0
0.746012270450592 0
0.7327194809913635 0
0.7881560325622559 0
0.729705274105072 0
0.6316174268722534 0
0.7402759790420532 0
0.6972671151161194 0
0.6890168786048889 0
0.67961585521698 0
0.7066332101821899 0
0.7537720799446106 0
0.8440974950790405 0
0.7640913724899292 0
0.6394580602645874 0
0.5949117541313171 0
0.8673750162124634 0
0.6915819048881531 0
0.6456436514854431 0
0.6705296635627747 0
0.682711124420166 0
0.7960416674613953 0
0.8165125846862793 0
0.5730472207069397 0
0.601471483707428 0
0.48355498909950256 0
0.8415893912315369 0
0.5706379413604736 0
0.5801772475242615 0
0.739604115486145 0
0.7052052617073059 0
0.7061970829963684 0
0.7612189054489136 0
0.7064629197120667 0
0.7421125769615173 0
0.6061211228370667 0
0.6188004612922668 0
0.7279887199401855 0
0.663050651550293 0
0.7247697710990906 0
0.7624133229255676 0
0.7579197883605957 0
0.822158694267273 0
0.7941152453422546 0
0.8381277322769165 0
0.792392909526825 0
0.7566162943840027 0
0.7950766682624817 0
0.664562463760376 0
0.7582443952560425 0
0.7552289366722107 0
0.7745864987373352 0
0.615398645401001 0
0.734388530254364 0
0.7131492495536804 0
0.7970371842384338 0
0.7752764225006104 0
0.7237445712089539 0
0.7784090042114258 0
0.7177252769470215 0
0.7059266567230225 0
0.7000654339790344 0
0.4546986520290375 0
0.6275438070297241 0
0.702811062335968 0
0.6329659223556519 0
0.7408705949783325 0
0.6824983358383179 0
0.8133801221847534 0
0.6769386529922485 0
0.6131522059440613 0
0.8123376965522766 0
0.7409840226173401 0
0.6100882887840271 0
0.6055337190628052 0
0.5803614854812622 0
0.7334155440330505 0
0.7426517605781555 0
0.8059714436531067 0
0.7920022010803223 0
0.7154515981674194 0
0.7756891250610352 0
0.847046971321106 0
0.7196649312973022 0
0.8347446918487549 0
0.8438445329666138 0
0.8903663754463196 0
0.7911624908447266 0
0.7957509756088257 0
0.8775818347930908 0
0.7051659226417542 0
0.8712402582168579 0
0.707676112651825 0
0.82756108045578 0
0.725008487701416 0
0.7505800724029541 0
0.7717012763023376 0
0.7305475473403931 0
0.8302572965621948 0
0.8778719902038574 0
0.841239869594574 0
0.770416796207428 0
0.7627729773521423 0
0.8084739446640015 0
0.732954204082489 0
0.7748128175735474 0
0.8610339760780334 1
0.8836031556129456 1
0.8020042181015015 1
0.9083865284919739 1
0.9161327481269836 1
0.8380162119865417 1
0.9043707847595215 1
0.8899798393249512 1
0.9035826325416565 1
0.8940669298171997 1
0.9155855774879456 1
0.8609406352043152 1
0.8573926687240601 1
0.9168019890785217 1
0.8600053191184998 1
0.9130112528800964 1
0.9413948059082031 1
0.9372341632843018 1
0.9272441267967224 1
0.9472211599349976 1
0.7958608865737915 1
0.839449942111969 1
0.9593024253845215 1
0.8577669858932495 1
0.8473499417304993 1
0.8921715617179871 1
0.9538300037384033 1
0.9314873218536377 1
0.9269440770149231 1
0.8628569841384888 1
1.0000001192092896 1
0.8592710494995117 1
0.8342583179473877 1
0.8661987781524658 1
0.8515399098396301 1
0.8422556519508362 1
0.855158805847168 1
0.8172475695610046 1
0.9298809766769409 1
0.8546237945556641 1
0.918480634689331 1
0.8461809158325195 1
0.8636581897735596 1
0.49747002124786377 0
0.6188708543777466 0
0.49860477447509766 0
0.3432922959327698 0
0.39114028215408325 0
0.5454040765762329 0
0.4004247486591339 0
0.3713470697402954 0
0.2295152246952057 0
0.43106767535209656 0
0.5125122666358948 0
0.4248853027820587 0
0.43945562839508057 0
0.40615370869636536 0
0.19984062016010284 0
0.2509102523326874 0
0.16907642781734467 0
0.18370145559310913 0
0.20621486008167267 0
0.28143736720085144 0
0.13428804278373718 0
0.1770159900188446 0
0.1864003837108612 0
0.16737230122089386 0
0.2605767548084259 0
0.23599034547805786 0
0.2852187156677246 0
0.22579605877399445 0
0.23379634320735931 0
0.7758762240409851 0
0.6735215783119202 0
0.8576714992523193 0
0.576366126537323 0
0.6617817282676697 0
0.7346152067184448 0
0.7052339911460876 0
0.7162665128707886 0
0.8637482523918152 0
0.8315419554710388 0
0.6959587335586548 0
0.7809446454048157 0
0.705029308795929 0
0.6405655145645142 0
0.4511704742908478 0
0.8604888319969177 0
0.7603383660316467 0
0.8271201252937317 0
0.7584748268127441 0
0.8110361695289612 0
0.6847445964813232 0
0.7587707042694092 0
0.7116287350654602 0
0.6826497912406921 0
0.7687585353851318 0
0.6974858641624451 0
0.7786275744438171 0
0.6481661796569824 0
0.7591573596000671 0
0.7721045017242432 0
0.6455455422401428 0
0.7884054780006409 0
0.7851985692977905 0
0.7434401512145996 0
0.5786241292953491 0
0.6731300354003906 0
0.5998618006706238 0
0.7650363445281982 0
0.8158318400382996 0
0.5885828137397766 0
0.754485547542572 0
0.698473334312439 0
0.593303918838501 0
0.6158478856086731 0
0.5682365894317627 0
0.7121092677116394 0
0.7533729076385498 0
0.7369396686553955 0
0.8002103567123413 0
0.7428193092346191 0
0.7818808555603027 0
0.7390442490577698 0
0.6889817714691162 0
0.8295297026634216 0
0.8223745226860046 0
0.6859813928604126 0
0.7564008831977844 0
0.714949369430542 0
0.7162277698516846 0
0.6534339785575867 0
0.799942672252655 0
0.6379103660583496 0
0.7744982838630676 0
0.5542036890983582 0
0.664750337600708 0
0.8097235560417175 0
0.6381140351295471 0
0.7287083268165588 0
0.5910733342170715 0
0.719683051109314 0
0.6381404995918274 0
0.8118247389793396 0
0.6253930330276489 0
0.6797486543655396 0
0.714673638343811 0
0.6275272369384766 0
0.7337045669555664 0
0.6837493181228638 0
0.6738313436508179 0
0.6722660660743713 0
0.7579430937767029 0
0.3926291763782501 0
0.5969365239143372 0
0.3565472662448883 0
0.23001210391521454 0
0.3680054247379303 0
0.3232467472553253 0
0.2874666154384613 0
0.41589364409446716 0
0.23929694294929504 0
0.32872146368026733 0
0.22262556850910187 0
0.3737392723560333 0
0.45205241441726685 0
0.3031478524208069 0
0.36994802951812744 0
0.27263104915618896 0
0.3657695949077606 0
0.2838645577430725 0
0.39801621437072754 0
0.28523939847946167 0
0.38947799801826477 0
0.38824570178985596 0
0.33863362669944763 0
0.36433473229408264 0
0.5360661149024963 0
0.35606449842453003 0
0.36540359258651733 0
0.35518085956573486 0
0.24267341196537018 0
0.37155428528785706 0
0.35063740611076355 0
0.3455900549888611 0
0.3252933621406555 0
0.3463952839374542 0
0.3999806344509125 0
0.33427494764328003 0
0.33249378204345703 0
0.45974329113960266 0
0.34021326899528503 0
0.523389995098114 0
0.34714141488075256 0
0.38223740458488464 0
0.3531441390514374 0
0.4690294861793518 0
0.264638215303421 0
0.3518570363521576 0
0.4455070495605469 0
0.3685462772846222 0
0.4219314157962799 0
0.33004051446914673 0
0.5489515066146851 0
0.33325615525245667 0
0.4308989942073822 0
0.444343626499176 0
0.4954805076122284 0
0.44919005036354065 0
0.3933623433113098 0
0.4950776696205139 0
0.2653011977672577 0
0.28346535563468933 0
0.47794783115386963 0
0.4447721838951111 0
0.43448150157928467 0
0.2518198490142822 0
0.3548935353755951 0
0.459441602230072 0
0.4681798219680786 0
0.3990618884563446 0
0.5532995462417603 0
0.4102950990200043 0
0.495533287525177 0
0.3398403525352478 0
0.2747439742088318 0
0.25068891048431396 0
0.4032531976699829 0
0.26804375648498535 0
0.7954493165016174 1
0.8628319501876831 1
0.8271556496620178 1
0.9032575488090515 1
0.9167683124542236 1
0.9157610535621643 1
0.7459227442741394 1
0.8978678584098816 1
0.8519325852394104 1
0.8820667266845703 1
0.9290617108345032 1
0.9272343516349792 1
0.7898591160774231 1
0.8106040954589844 1
0.6956244111061096 1
0.6891465783119202 1
0.6299749612808228 1
0.6801643967628479 1
0.677118718624115 1
0.6159225702285767 1
0.6688615679740906 1
0.7152197360992432 1
0.740240216255188 1
0.5933551788330078 1
0.6906325221061707 1
0.6619674563407898 1
0.5516765117645264 1
0.641880989074707 1
0.7068206071853638 1
0.2846311330795288 0
0.2399258017539978 0
0.29745349287986755 0
0.37681788206100464 0
0.29224225878715515 0
0.30973511934280396 0
0.3528844714164734 0
0.3879387676715851 0
0.29382359981536865 0
0.30135834217071533 0
0.27235203981399536 0
0.3547394573688507 0
0.20745022594928741 0
0.2151944935321808 0
0.2860962450504303 0
0.34769800305366516 0
0.2233603447675705 0
0.3576277792453766 0
0.2907317876815796 0
0.3279576003551483 0
0.29632696509361267 0
0.26730772852897644 0
0.2578241229057312 0
0.24146737158298492 0
0.22721919417381287 0
0.32519426941871643 0
0.3507384657859802 0
0.1303008794784546 0
0.26114675402641296 0
0.2774941325187683 0
0.4686165452003479 0
0.31313851475715637 0
0.3606124520301819 0
0.3259523808956146 0
0.36706939339637756 0
0.37041574716567993 0
0.22747273743152618 0
0.2567943036556244 0
0.20990897715091705 0
0.3452398180961609 0
0.46744054555892944 0
0.10747208446264267 0
0.29859989881515503 0
0.3601953387260437 0
0.406537801027298 0
0.30955415964126587 0
0.26152634620666504 0
0.2980445921421051 0
0.2810226380825043 0
0.40006396174430847 0
0.24790281057357788 0
0.24119833111763 0
0.2530297338962555 0
0.1971336305141449 0
0.23979422450065613 0
0.37777790427207947 0
0.36877328157424927 0
0.29836365580558777 0
0.26420456171035767 0
0.3999565839767456 0
0.3098069727420807 0
0.21423596143722534 0
0.3392693102359772 0
0.2324744611978531 0
0.23914313316345215 0
0.3667413294315338 0
0.1718972623348236 0
0.16788507997989655 0
0.37382224202156067 0
0.31376102566719055 0
0.3920760750770569 0
0.39732077717781067 0
0.28126972913742065 0
0.43392112851142883 0
0.36713463068008423 0
0.25319704413414 0
0.2611768841743469 0
0.25953906774520874 0
0.23398518562316895 0
0.2701885402202606 0
0.21213430166244507 0
0.2804820239543915 0
0.40906620025634766 0
0.237413227558136 0
0.16433483362197876 0
0.19343791902065277 0
0.13262368738651276 0
0.09371066093444824 0
0.27326029539108276 0
0.1322508603334427 0
0.21279437839984894 0
0.1758263260126114 0
0.2070387899875641 0
0.17352400720119476 0
0.1690194010734558 0
0.09542668610811234 0
0.13641533255577087 0
0.09084664285182953 0
0.14712677896022797 0
0.18922188878059387 0
0.13628163933753967 0
0.24517880380153656 0
0.11092247068881989 0
0.24404750764369965 0
0.23048053681850433 0
0.12810225784778595 0
0.19068673253059387 0
0.17395798861980438 0
0.2946097254753113 0
0.2990078628063202 0
0.15810219943523407 0
0.15012405812740326 0
0.11020465195178986 0
0.1597643494606018 0
0.16954949498176575 0
0.28350597620010376 0
0.1999589204788208 0
0.3078339695930481 0
0.11233939230442047 0
0.1708228588104248 0
0.29288217425346375 0
0.12197001278400421 0
0.2398764044046402 0
0.2359686642885208 0
0.29796117544174194 0
0.1864277720451355 0
0.21982170641422272 0
0.16651703417301178 0
0.2603057026863098 0
0.18225635588169098 0
0.24743105471134186 0
0.2924506366252899 0
0.1732645034790039 0
0.2993835210800171 0
0.23423899710178375 0
0.14437097311019897 0
0.27800559997558594 0
0.19210673868656158 0
0.31343957781791687 0
0.2687855660915375 0
0.2432900369167328 0
0.18117910623550415 0
0.21831518411636353 0
0.27257072925567627 0
0.20365633070468903 0
0.4734962284564972 0
0.3562968969345093 0
0.2638522684574127 0
0.1001099944114685 0
0.14851218461990356 0
0.1673552691936493 0
0.18357940018177032 0
0.2863285541534424 0
0.1515023559331894 0
0.17448337376117706 0
0.15476001799106598 0
0.5022755861282349 1
0.6618021130561829 1
0.7414485812187195 1
0.6650949120521545 1
0.7332442402839661 1
0.5355938076972961 1
0.6686128973960876 1
0.6381019353866577 1
0.6255130171775818 1
0.6562207341194153 1
0.6931113600730896 1
0.74879390001297 1
0.6391071081161499 1
0.628058910369873 1
0.5651360750198364 1
0.8438584804534912 1
0.8548570275306702 1
0.8585450649261475 1
0.8613942265510559 1
0.8414764404296875 1
0.8575230836868286 1
0.8784555196762085 1
0.9399945735931396 1
0.8538784384727478 1
0.801252543926239 1
0.8801124095916748 1
0.8548527359962463 1
0.9137529730796814 1
0.9296899437904358 1
0.14883054792881012 0
