0.9299273490905762 1
0.9285227656364441 1
0.9288082718849182 1
0.9563502073287964 1
0.8357547521591187 1
0.7395351529121399 1
0.9053722620010376 1
0.9000417590141296 1
0.9531722068786621 1
0.9548217058181763 1
0.8385547995567322 1
0.933728814125061 1
0.9286190867424011 1
0.8753127455711365 1
0.9004644751548767 1
0.8383967280387878 1
0.9265292882919312 1
0.9118527770042419 1
0.8879541158676147 1
0.9100581407546997 1
0.8928377032279968 1
0.8700889348983765 1
0.900871753692627 1
0.9201444983482361 1
0.9193980097770691 1
0.8935347199440002 1
0.9463866353034973 1
0.8632345199584961 1
0.8753251433372498 1
0.9090721011161804 1
0.8798857927322388 1
0.9092034697532654 1
0.9316460490226746 1
0.9633960127830505 1
0.9246551990509033 1
0.9229621887207031 1
0.907697856426239 1
0.9462633728981018 1
0.946552038192749 1
0.8056477904319763 1
0.873257040977478 1
0.9129008054733276 1
0.3046684265136719 0
0.39594194293022156 0
0.44184964895248413 0
0.4065168797969818 0
0.37631985545158386 0
0.2986258268356323 0
0.31145215034484863 0
0.41039130091667175 0
0.38354629278182983 0
0.39695852994918823 0
0.3144676685333252 0
0.39543765783309937 0
0.43703222274780273 0
0.39195841550827026 0
0.5231133103370667 0
0.3507126271724701 0
0.38437846302986145 0
0.5504388213157654 0
0.47664281725883484 0
0.4080354869365692 0
0.3338160216808319 0
0.5663896799087524 0
0.3711448609828949 0
0.3297435939311981 0
0.23542775213718414 0
0.39052194356918335 0
0.2336765080690384 0
0.2637586295604706 0
0.42702046036720276 0
0.4440201222896576 0
0.406615287065506 0
0.33339470624923706 0
0.4095589518547058 0
0.514675498008728 0
0.32666701078414917 0
0.4771276116371155 0
0.3996867537498474 0
0.5312960743904114 0
0.5976397395133972 0
0.29156073927879333 0
0.4097289741039276 0
0.3308183252811432 0
0.6132951974868774 0
0.5058457851409912 0
0.5284556150436401 0
0.5338778495788574 0
0.5581706762313843 0
0.5886725187301636 0
0.5720757246017456 0
0.5278880596160889 0
0.6191436052322388 0
0.5619196891784668 0
0.5305474400520325 0
0.5789938569068909 0
0.618738055229187 0
0.6320516467094421 0
0.5099402666091919 0
0.6604552865028381 0
0.5850389003753662 0
0.5500134825706482 0
0.5875461101531982 0
0.5142355561256409 0
0.64569091796875 0
0.4997280538082123 0
0.6005983948707581 0
0.48618465662002563 0
0.5524150133132935 0
0.472233384847641 0
0.49790582060813904 0
0.5344081521034241 0
0.4431511163711548 0
0.49628743529319763 0
0.45548707246780396 0
0.5826270580291748 0
0.5918212532997131 0
0.6993110179901123 0
0.5002302527427673 0
0.6500374674797058 0
0.4633128345012665 0
0.4001479744911194 0
0.7137948274612427 0
0.5556192398071289 0
0.5330752730369568 0
0.6692421436309814 0
0.45430099964141846 0
0.4234541654586792 0
0.6101279258728027 0
0.6427342295646667 0
0.5850953459739685 0
0.6697047352790833 0
0.6499674916267395 0
0.6065502762794495 0
0.7176458239555359 0
0.5274643898010254 0
0.46456673741340637 0
0.7697790861129761 0
0.5423539876937866 0
0.4718395173549652 0
0.6028013229370117 0
0.6422088742256165 0
0.5347615480422974 0
0.5132759213447571 0
0.6187007427215576 0
0.7017090916633606 0
0.527997612953186 0
0.6366066336631775 0
0.6291640996932983 0
0.407832533121109 0
0.5082493424415588 0
0.48936694860458374 0
0.5174241662025452 0
0.5131690502166748 0
0.5677930116653442 0
0.5823729038238525 0
0.2165195196866989 0
0.3774251639842987 0
0.260701060295105 0
0.1341795176267624 0
0.2212960422039032 0
0.13137862086296082 0
0.11144382506608963 0
0.15217633545398712 0
0.14702525734901428 0
-0.01720956712961197 0
0.19107075035572052 0
0.11279575526714325 0
0.09034623205661774 0
0.10618644952774048 0
0.11991562694311142 0
0.16534540057182312 0
0.16100487112998962 0
0.237951397895813 0
0.08454279601573944 0
0.193864107131958 0
0.13729558885097504 0
0.17889337241649628 0
0.2613142728805542 0
0.13377869129180908 0
0.1836746484041214 0
0.08358623087406158 0
0.20554807782173157 0
0.21843835711479187 0
0.05448003113269806 0
0.9249662756919861 1
0.9251932501792908 1
0.750806987285614 1
0.9503171443939209 1
0.8558499813079834 1
0.8644616007804871 1
0.8802868723869324 1
0.8476172685623169 1
0.8793250322341919 1
0.9257879257202148 1
0.8587285280227661 1
0.9033013582229614 1
0.9039269089698792 1
0.9540550112724304 1
0.9304699301719666 1
0.9460627436637878 1
0.8527385592460632 1
0.8198732137680054 1
0.8220922350883484 1
0.8998579978942871 1
0.8796517252922058 1
0.9481728672981262 1
0.9393548965454102 1
0.9194126129150391 1
0.9017208814620972 1
0.9015353322029114 1
0.8529824614524841 1
0.8887977004051208 1
0.8104641437530518 1
0.8292503356933594 1
0.8677717447280884 1
0.6732379794120789 1
0.9212076663970947 1
0.9317945241928101 1
0.8626856207847595 1
0.9521937370300293 1
0.8985130190849304 1
0.9413429498672485 1
0.8888069987297058 1
0.9255464673042297 1
0.8457188606262207 1
0.9540396928787231 1
0.8420499563217163 1
0.5291124582290649 0
0.30210816860198975 0
0.5320295691490173 0
0.49872061610221863 0
0.4108913540840149 0
0.436239093542099 0
0.3354944586753845 0
0.2705698013305664 0
0.3901905417442322 0
0.3691640794277191 0
0.4076722264289856 0
0.5049115419387817 0
0.3272137939929962 0
0.4450870752334595 0
0.48673030734062195 0
0.3813680112361908 0
0.35571229457855225 0
0.4521591067314148 0
0.366244912147522 0
0.4911564886569977 0
0.4746551215648651 0
0.44258221983909607 0
0.3996729552745819 0
0.30318742990493774 0
0.414515882730484 0
0.33020874857902527 0
0.3861181139945984 0
0.379186749458313 0
0.2799207866191864 0
0.45315930247306824 0
0.4163665771484375 0
0.4201338589191437 0
0.3478890657424927 0
0.4289674758911133 0
0.40973442792892456 0
0.5235269069671631 0
0.4720246493816376 0
0.43091654777526855 0
0.4431959390640259 0
0.37893030047416687 0
0.3255268633365631 0
0.4722568094730377 0
0.5478872656822205 0
0.5891203284263611 0
0.5301620960235596 0
0.5077043771743774 0
0.47335049510002136 0
0.5280405282974243 0
0.5804765820503235 0
0.4377674162387848 0
0.4859575033187866 0
0.5106121897697449 0
0.5147815346717834 0
0.5195764899253845 0
0.46689602732658386 0
0.48688095808029175 0
0.3229402005672455 0
0.4087412655353546 0
0.5216808915138245 0
0.48428428173065186 0
0.3454299569129944 0
0.5238664150238037 0
0.5452026724815369 0
0.5133258104324341 0
0.4105609953403473 0
0.44450750946998596 0
0.5320600867271423 0
0.4930802285671234 0
0.6067655682563782 0
0.4263561964035034 0
0.42839881777763367 0
0.6029941439628601 0
0.5036512613296509 0
0.5756170749664307 0
0.5633957982063293 0
0.6842146515846252 0
0.5754715800285339 0
0.4874113202095032 0
0.5387885570526123 0
0.6986626982688904 0
0.5132918953895569 0
0.5866010785102844 0
0.4841044843196869 0
0.4581802189350128 0
0.620123028755188 0
0.6838399171829224 0
0.48755839467048645 0
0.6786748170852661 0
0.5181169509887695 0
0.486625999212265 0
0.46834683418273926 0
0.5515251755714417 0
0.6699745655059814 0
0.6042966842651367 0
0.593006432056427 0
0.6405646204948425 0
0.4830945134162903 0
0.5358649492263794 0
0.4111482799053192 0
0.6097858548164368 0
0.5162264108657837 0
0.5500186085700989 0
0.7198880314826965 0
0.48943665623664856 0
0.6451082825660706 0
0.6124299168586731 0
0.44856011867523193 0
0.7014604806900024 0
0.711861789226532 0
0.4364122152328491 0
0.4463713765144348 0
0.5695862174034119 0
0.7126719951629639 0
0.7527213096618652 0
0.23417699337005615 0
0.23470623791217804 0
0.13796967267990112 0
0.14975237846374512 0
0.020726149901747704 0
0.19297397136688232 0
0.1905265748500824 0
0.21591563522815704 0
0.1900883913040161 0
0.1475887894630432 0
0.14639517664909363 0
0.23270279169082642 0
0.20821762084960938 0
0.25176140666007996 0
0.25583699345588684 0
0.2058800309896469 0
0.23253855109214783 0
0.2234942764043808 0
0.1275680661201477 0
0.18277235329151154 0
0.1905188262462616 0
0.05871403589844704 0
0.11477047204971313 0
0.1380380541086197 0
0.1458783894777298 0
0.111788310110569 0
0.10800318419933319 0
0.15864166617393494 0
0.06073383614420891 0
0.9101026058197021 1
0.8996108770370483 1
0.9491071701049805 1
0.903400719165802 1
0.8414457440376282 1
0.8579490780830383 1
0.8801754713058472 1
0.928022027015686 1
0.8208713531494141 1
0.9274438619613647 1
0.8792345523834229 1
0.8069971799850464 1
0.8914945125579834 1
0.9288438558578491 1
0.92070072889328 1
0.8479220271110535 1
0.8560580015182495 1
0.9435431957244873 1
0.7911900877952576 1
0.9136202335357666 1
0.9336763620376587 1
0.9348419308662415 1
0.9183478951454163 1
0.7664195895195007 1
0.902481734752655 1
0.9647876024246216 1
0.8526466488838196 1
0.9220847487449646 1
0.9575700163841248 1
0.930443286895752 1
0.9350302815437317 1
0.8335685133934021 1
0.9002246856689453 1
0.856758713722229 1
0.9133990406990051 1
0.8894654512405396 1
0.8215838074684143 1
0.916805624961853 1
0.9124017953872681 1
0.8994535207748413 1
0.9251943826675415 1
0.8953523635864258 1
0.28305089473724365 0
0.4567832350730896 0
0.38040629029273987 0
0.26602423191070557 0
0.36763882637023926 0
0.5399605631828308 0
0.1812397986650467 0
0.3719824254512787 0
0.31996309757232666 0
0.41497570276260376 0
0.8246716260910034 1
0.865975022315979 1
0.8178271651268005 1
0.8295071125030518 1
0.8880213499069214 1
0.8089668154716492 1
0.9430999159812927 1
0.9071617722511292 1
0.8836080431938171 1
0.8644671440124512 1
0.9033451080322266 1
0.9256957173347473 1
0.9039753675460815 1
0.870113730430603 1
0.8341136574745178 1
0.8322200179100037 1
0.7545995116233826 1
0.9097660779953003 1
0.817328691482544 1
0.8981561064720154 1
0.8632234334945679 1
0.9109914898872375 1
0.9079297780990601 1
0.8383693099021912 1
0.7384945154190063 1
0.8895732760429382 1
0.832429826259613 1
0.9491642713546753 1
0.8128681778907776 1
0.8910496234893799 1
0.8781189918518066 1
0.7603418231010437 1
0.7302621603012085 0
0.7377384305000305 0
0.7345412969589233 0
0.7392926216125488 0
0.762887716293335 0
0.7393357753753662 0
0.6230438351631165 0
0.641897439956665 0
0.6640468239784241 0
0.7319755554199219 0
0.6174769997596741 0
0.7446224093437195 0
0.6251102685928345 0
0.5241214036941528 0
0.652481198310852 0
0.6920862197875977 0
0.7113394141197205 0
0.5702229142189026 0
0.6105450391769409 0
0.7028582096099854 0
0.6163022518157959 0
0.6278352737426758 0
0.697022557258606 0
0.6668093204498291 0
0.7180113792419434 0
0.7782324552536011 0
0.7681130766868591 0
0.7762299180030823 0
0.7454829216003418 0
0.7022968530654907 0
0.7474179267883301 0
0.7564884424209595 0
0.7303608655929565 0
0.6359251737594604 0
0.7029916644096375 0
0.7391788363456726 0
0.666907548904419 0
0.6963580250740051 0
0.7526436448097229 0
0.7735112309455872 0
0.7229750752449036 0
0.7159218192100525 0
0.5954736471176147 0
0.5884513258934021 0
0.6039419174194336 0
0.7335996031761169 0
0.5971943736076355 0
0.6801731586456299 0
0.726685643196106 0
0.6865349411964417 0
0.6936873197555542 0
0.6548909544944763 0
0.6942136287689209 0
0.5306397676467896 0
0.7577974200248718 0
0.694832444190979 0
0.7043190002441406 0
0.6503581404685974 0
0.7130240797996521 0
0.599201500415802 0
0.6764938831329346 0
0.8296911120414734 0
0.5585325956344604 0
0.6904457211494446 0
0.6777207851409912 0
0.6179656982421875 0
0.7136121988296509 0
0.7323241829872131 0
0.831463098526001 0
0.6946627497673035 0
0.6935131549835205 0
0.6824764013290405 0
0.7040985822677612 0
0.5746107697486877 0
0.6956818103790283 0
0.5866104960441589 0
0.4908333122730255 0
0.6076427102088928 0
0.49988722801208496 0
0.5205961465835571 0
0.6675599217414856 0
0.4536696970462799 0
0.4976244568824768 0
0.5468974709510803 0
0.3811727464199066 0
0.5170559883117676 0
0.4137093424797058 0
0.2910965383052826 0
0.47281166911125183 0
0.30754396319389343 0
0.4203375279903412 0
0.4988132119178772 0
0.4655715823173523 0
0.4551164209842682 0
0.3106231987476349 0
0.4291396141052246 0
0.3832433819770813 0
0.47607073187828064 0
0.3686352074146271 0
0.2767561972141266 0
0.4647654891014099 0
0.507838785648346 0
0.34095343947410583 0
0.3180387020111084 0
0.27256619930267334 0
0.36840343475341797 0
0.22016876935958862 0
0.45407941937446594 0
0.3732823133468628 0
0.4101673662662506 0
0.4264049530029297 0
0.453403115272522 0
0.3243747055530548 0
0.39004042744636536 0
0.18985998630523682 0
0.48268723487854004 0
0.3367465138435364 0
0.34185948967933655 0
0.396982878446579 0
0.428901344537735 0
0.4082522690296173 0
0.2629661560058594 0
0.33981919288635254 0
0.29117485880851746 0
0.47026216983795166 0
0.3475102186203003 0
0.3200780749320984 0
0.28144925832748413 0
0.5352742075920105 0
0.3629477322101593 0
0.3728090822696686 0
0.30005380511283875 0
0.40982121229171753 0
0.5163407921791077 0
0.3370688259601593 0
0.441723108291626 0
0.37620672583580017 0
0.35529518127441406 0
0.34522145986557007 0
0.34051671624183655 0
0.48158589005470276 0
0.42634785175323486 0
0.3378753662109375 0
0.30322402715682983 0
0.9007529020309448 1
0.8134752511978149 1
0.7288436889648438 1
0.8883600831031799 1
0.9143994450569153 1
0.8910612463951111 1
0.8938080072402954 1
0.9142413139343262 1
0.9450057148933411 1
0.7811139822006226 1
0.8006409406661987 1
0.841362476348877 1
0.8353177905082703 1
0.8620918989181519 1
0.8646484017372131 1
0.8083873987197876 1
0.7727651596069336 1
0.9158026576042175 1
0.752976655960083 1
0.9451080560684204 1
0.911990761756897 1
0.8582069873809814 1
0.7966620326042175 1
0.8791453242301941 1
0.7384377121925354 1
0.7958791851997375 1
0.8416707515716553 1
0.9236703515052795 1
0.8401585221290588 1
0.8282517194747925 1
0.832004189491272 1
0.800422191619873 1
0.8681613206863403 1
0.8379700183868408 1
0.8613210916519165 1
0.9044056534767151 1
0.7792115807533264 1
0.7846899628639221 1
0.8931859731674194 1
0.8960390686988831 1
0.8419354557991028 1
0.7202653288841248 1
0.7209782004356384 0
0.6427187323570251 0
0.6751540303230286 0
0.72242671251297 0
0.7296829223632812 0
0.7226771116256714 0
0.5361257195472717 0
0.6235858798027039 0
0.622275710105896 0
0.7611785531044006 0
0.7972528338432312 0
0.6746634244918823 0
0.6427658200263977 0
0.7071216106414795 0
0.7734312415122986 0
0.7650507688522339 0
0.7677615284919739 0
0.6739428639411926 0
0.8114553093910217 0
0.5724209547042847 0
0.6778187155723572 0
0.5892049074172974 0
0.6170021295547485 0
0.7695695161819458 0
0.7094267010688782 0
0.7681955695152283 0
0.7272999882698059 0
0.6515741348266602 0
0.6202989816665649 0
0.6868345737457275 0
0.8489863872528076 0
0.7795731425285339 0
0.8014594316482544 0
0.6329575777053833 0
0.7167166471481323 0
0.6841238141059875 0
0.720392644405365 0
0.6796687841415405 0
0.6521743535995483 0
0.6271156072616577 0
0.7311214208602905 0
0.6984044909477234 0
0.5853473544120789 0
0.591292142868042 0
0.5574486255645752 0
0.6748502254486084 0
0.6942562460899353 0
0.6939572691917419 0
0.6514976620674133 0
0.6250728964805603 0
0.5986902117729187 0
0.4097200632095337 0
0.7442547678947449 0
0.6341177821159363 0
0.6715872883796692 0
0.7188308835029602 0
0.6473060846328735 0
0.707092821598053 0
0.5284000635147095 0
0.6122100353240967 0
0.7420946955680847 0
0.6315563917160034 0
0.5447512269020081 0
0.491996705532074 0
0.5934537649154663 0
0.7305225133895874 0
0.6222481727600098 0
0.7055277228355408 0
0.6503333449363708 0
0.6754854321479797 0
0.6061236262321472 0
0.4324760437011719 0
0.6025221347808838 0
0.51983243227005 0
0.5741849541664124 0
0.5838125348091125 0
0.3848840296268463 0
0.5633867383003235 0
0.5089367628097534 0
0.5154650211334229 0
0.6400244832038879 0
0.5432127714157104 0
0.7090702056884766 0
0.6333566308021545 0
0.634072482585907 0
0.6642366051673889 0
0.641799807548523 0
0.3142322897911072 0
0.5691446661949158 0
0.4108085334300995 0
0.5413435697555542 0
0.4862036108970642 0
0.24495051801204681 0
0.6121575832366943 0
0.630016028881073 0
0.48059189319610596 0
0.5083003640174866 0
0.6388834118843079 0
0.6937059760093689 0
0.4883146584033966 0
0.4798926115036011 0
0.4824012219905853 0
0.42580562829971313 0
0.2325441837310791 0
0.33180928230285645 0
0.4012065529823303 0
0.4240548610687256 0
0.32178518176078796 0
0.3096097409725189 0
0.3293055593967438 0
0.5151270031929016 0
0.3915456235408783 0
0.40677303075790405 0
0.2657887637615204 0
0.24268180131912231 0
0.4627426564693451 0
0.2725919187068939 0
0.4294508695602417 0
0.46428224444389343 0
0.4435650706291199 0
0.5784667730331421 0
0.3378032147884369 0
0.46704989671707153 0
0.5080133080482483 0
0.4980263411998749 0
0.3366919457912445 0
0.45200419425964355 0
0.4704536497592926 0
0.6556117534637451 0
0.2813209593296051 0
0.4435422718524933 0
0.42742249369621277 0
0.34619784355163574 0
0.4653514325618744 0
0.5910667777061462 0
0.4311921298503876 0
0.2796749770641327 0
0.4552239179611206 0
0.39257538318634033 0
0.56918865442276 0
0.31183546781539917 0
0.516014039516449 0
0.29959988594055176 0
0.29411834478378296 0
0.8662354350090027 1
0.8945629596710205 1
0.8023269176483154 1
0.8306881189346313 1
0.812857985496521 1
0.8363868594169617 1
0.7810419797897339 1
0.847051739692688 1
0.8193036913871765 1
0.9302917122840881 1
0.8001689314842224 1
0.8779406547546387 1
0.8337385058403015 1
0.7829240560531616 1
0.8979196548461914 1
0.8529290556907654 1
0.6986127495765686 1
0.911086916923523 1
0.8626086115837097 1
0.8686439990997314 1
0.8441647291183472 1
0.9278281331062317 1
0.6640567183494568 1
0.8910227417945862 1
0.8525594472885132 1
0.8146712183952332 1
0.8098613023757935 1
0.8813025951385498 1
0.9155245423316956 1
0.9412915110588074 1
0.9186714887619019 1
0.909461498260498 1
0.8041855692863464 1
0.8727883100509644 1
0.8839641809463501 1
0.8033936023712158 1
0.9138838052749634 1
0.7855943441390991 1
0.7624971866607666 1
0.832621157169342 1
0.9056445956230164 1
0.8725978136062622 1
0.7783754467964172 0
0.6757473349571228 0
0.7091484069824219 0
0.6676405072212219 0
0.647009015083313 0
0.4917725920677185 0
0.6322534680366516 0
0.6084697842597961 0
0.584624171257019 0
0.649689257144928 0
0.6646326184272766 0
0.7368719577789307 0
0.6498674154281616 0
0.6968560814857483 0
0.6927424073219299 0
0.9663093090057373 1
0.9051981568336487 1
0.9236410856246948 1
0.9040558338165283 1
0.9191003441810608 1
0.8890854120254517 1
0.9125223755836487 1
0.8637576699256897 1
0.9548728466033936 1
0.961064338684082 1
0.9278440475463867 1
0.9116604924201965 1
0.9203066825866699 1
0.9166113138198853 1
0.9389119148254395 1
0.887356162071228 0
0.7598432898521423 0
0.864100992679596 0
0.8806554675102234 0
0.8394347429275513 0
0.8666093945503235 0
0.8524296283721924 0
0.8072963953018188 0
0.7797576189041138 0
0.8261839151382446 0
0.793515145778656 0
0.778529942035675 0
0.878627598285675 0
0.8292319178581238 0
0.851736307144165 0
0.8491078019142151 0
0.7758429646492004 0
0.7998197078704834 0
0.8724644184112549 0
0.7375712990760803 0
0.8487953543663025 0
0.8550451993942261 0
0.8052588701248169 0
0.8088865280151367 0
0.8378855586051941 0
0.6523740887641907 0
0.8175705075263977 0
0.850075900554657 0
0.7537068724632263 0
0.6372897624969482 0
0.7698692679405212 0
0.6101545691490173 0
0.8280209302902222 0
0.801758885383606 0
0.7592411637306213 0
0.7422308325767517 0
0.8146401047706604 0
0.7571884989738464 0
0.6433817148208618 0
0.7973765730857849 0
0.6601979732513428 0
0.7997701168060303 0
0.3155890703201294 0
0.2903563380241394 0
0.3928646147251129 0
0.30422189831733704 0
0.3882119953632355 0
0.5141320824623108 0
0.45104050636291504 0
0.4413177967071533 0
0.3976660370826721 0
0.40492138266563416 0
0.5073106288909912 0
0.4040403664112091 0
0.33013415336608887 0
0.37586426734924316 0
0.28136005997657776 0
0.20016363263130188 0
0.4063628315925598 0
0.2830054461956024 0
0.279058575630188 0
0.3534722328186035 0
0.3171122968196869 0
0.2131965309381485 0
0.3439629375934601 0
0.42785370349884033 0
0.4298459589481354 0
0.37299245595932007 0
0.31983476877212524 0
0.4240388870239258 0
0.3023010790348053 0
0.595346987247467 0
0.49388062953948975 0
0.5552490949630737 0
0.4599307179450989 0
0.5463709831237793 0
0.4370301067829132 0
0.40389204025268555 0
0.5769991278648376 0
0.6672359704971313 0
0.5727444887161255 0
0.5404219627380371 0
0.5239973068237305 0
0.5300391316413879 0
0.6244994401931763 0
0.4797511100769043 0
0.4838615357875824 0
0.44553714990615845 0
0.4856754243373871 0
0.47263863682746887 0
0.5031887888908386 0
0.5408756732940674 0
0.4631388485431671 0
0.4558485746383667 0
0.5742263197898865 0
0.572677731513977 0
0.5857065320014954 0
0.44991669058799744 0
0.5680412650108337 0
0.4896341562271118 0
0.5093680620193481 0
0.48961833119392395 0
0.4154875576496124 0
0.498443603515625 0
0.46816712617874146 0
0.5449392795562744 0
0.5716084837913513 0
0.4761776328086853 0
0.5250048041343689 0
0.5427876114845276 0
0.6483055949211121 0
0.511500895023346 0
0.6119401454925537 0
0.6148647665977478 0
0.678347110748291 0
0.7036833167076111 0
0.7325804233551025 0
0.655706524848938 0
0.6740877032279968 0
0.7037485241889954 0
0.7112091779708862 0
0.6839911937713623 0
0.7539812922477722 0
0.6184972524642944 0
0.6522431969642639 0
0.6936427354812622 0
0.6151538491249084 0
0.6730841994285583 0
0.7163281440734863 0
0.7962164282798767 0
0.6981239318847656 0
0.7486304640769958 0
0.6901794672012329 0
0.672385036945343 0
0.6277379989624023 0
0.5854893326759338 0
0.7931069731712341 0
0.5716031789779663 0
0.611862301826477 0
0.6336128115653992 0
0.696026086807251 0
0.4628066122531891 0
0.6636906266212463 0
0.6918361783027649 0
0.7558109760284424 0
0.7585054039955139 0
0.7249948382377625 0
0.7110300660133362 0
0.6884966492652893 0
0.6137424111366272 0
0.6412633061408997 0
0.7704600691795349 0
0.5831040740013123 0
0.552680492401123 0
0.6637685894966125 0
0.7020434141159058 0
0.8412582278251648 1
0.8202950358390808 1
0.9131872653961182 1
0.9361269474029541 1
0.8566359281539917 1
0.917197585105896 1
0.9201385974884033 1
0.8157747387886047 1
0.9438310861587524 1
0.9437479376792908 1
0.9152337908744812 1
0.892471194267273 1
0.8744761943817139 1
0.9460937976837158 1
0.9439805150032043 1
0.9168272018432617 1
0.9388631582260132 1
0.9276633858680725 1
0.9548527002334595 1
0.9447766542434692 1
0.9165179133415222 1
0.8765368461608887 1
0.9303800463676453 1
0.9416140913963318 1
0.9346337914466858 1
0.9359850883483887 1
0.9181768894195557 1
0.9229761958122253 1
0.9203006625175476 1
0.9633135199546814 1
0.840395987033844 0
0.7336133122444153 0
0.8182453513145447 0
0.7291386127471924 0
0.80811607837677 0
0.8041412234306335 0
0.7971535325050354 0
0.7940876483917236 0
0.82526695728302 0
0.8520350456237793 0
0.7837334871292114 0
0.8039584755897522 0
0.6205535531044006 0
0.7376598715782166 0
0.7775998711585999 0
0.8371155261993408 0
0.868699848651886 0
0.796592116355896 0
0.7903913855552673 0
0.8233299255371094 0
0.8251733779907227 0
0.8701844215393066 0
0.8290349841117859 0
0.7307769656181335 0
0.8720909357070923 0
0.7693327069282532 0
0.8038406372070312 0
0.8045257329940796 0
0.7765980362892151 0
0.8328130841255188 0
0.8173952698707581 0
0.8945265412330627 0
0.8603233098983765 0
0.7670580148696899 0
0.762052059173584 0
0.7433278560638428 0
0.8448203206062317 0
0.86402827501297 0
0.7946887016296387 0
0.8660085797309875 0
0.8643935322761536 0
0.6875210404396057 0
0.4237661063671112 0
0.4732613265514374 0
0.4091046452522278 0
0.5282588601112366 0
0.5162827968597412 0
0.44307103753089905 0
0.48767268657684326 0
0.439009428024292 0
0.43401801586151123 0
0.3042297959327698 0
0.547920823097229 0
0.39046987891197205 0
0.45437780022621155 0
0.3543928563594818 0
0.3859957158565521 0
0.3036196231842041 0
0.3342974781990051 0
0.41601696610450745 0
0.32517412304878235 0
0.3605769872665405 0
0.4207722842693329 0
0.36274829506874084 0
0.40973740816116333 0
0.2673525810241699 0
0.4313526451587677 0
0.3621401786804199 0
0.33666670322418213 0
0.40995270013809204 0
0.24657315015792847 0
0.48230093717575073 0
0.4509725868701935 0
0.5597819685935974 0
0.5499695539474487 0
0.4897008538246155 0
0.4985789656639099 0
0.6006337404251099 0
0.31647026538848877 0
0.4718116819858551 0
0.5692511796951294 0
0.5167022347450256 0
0.5355521440505981 0
0.5003570318222046 0
0.5768717527389526 0
0.4916079342365265 0
0.4664406180381775 0
0.44606268405914307 0
0.441545307636261 0
0.48171257972717285 0
0.4610427916049957 0
0.4833088219165802 0
0.6006036996841431 0
0.4633917510509491 0
0.5708766579627991 0
0.5645738840103149 0
0.40057194232940674 0
0.4106723666191101 0
0.6135117411613464 0
0.586430549621582 0
0.5258886218070984 0
0.5903196334838867 0
0.6315581202507019 0
0.565064013004303 0
0.5693731904029846 0
0.6365250945091248 0
0.6810484528541565 0
0.47596192359924316 0
0.4292370080947876 0
0.5285847783088684 0
0.47787240147590637 0
0.5053056478500366 0
0.5432578325271606 0
0.6141354441642761 0
0.7916979789733887 0
0.7364733219146729 0
0.758797287940979 0
0.719049334526062 0
0.7584719657897949 0
0.8610016107559204 0
0.6745307445526123 0
0.7164672613143921 0
0.7705439329147339 0
0.7578031420707703 0
0.780388355255127 0
0.7190759181976318 0
0.6904009580612183 0
0.6800529360771179 0
0.7122740149497986 0
0.7983150482177734 0
0.7312738299369812 0
0.7892469167709351 0
0.6609959602355957 0
0.7374057769775391 0
0.6682260036468506 0
0.6563429236412048 0
0.7107037305831909 0
0.5322854518890381 0
0.8349664807319641 0
0.766373336315155 0
0.474170446395874 0
0.6516520380973816 0
0.6548091173171997 0
0.7689924836158752 0
0.7740774154663086 0
0.7363579869270325 0
0.6191226243972778 0
0.7807025909423828 0
0.7172510027885437 0
0.6971799731254578 0
0.8027960062026978 0
0.7366390824317932 0
0.7872130870819092 0
0.7376412749290466 0
0.6806818842887878 0
0.6768934726715088 0
0.7390004396438599 0
0.8130192160606384 0
0.7626396417617798 0
0.6669524312019348 0
0.6210309863090515 0
0.8947166800498962 0
0.8649777173995972 0
0.8249944448471069 0
0.8381159901618958 0
0.7994268536567688 0
0.8744714856147766 0
0.83670574426651 0
0.8074594140052795 0
0.8809605240821838 0
0.8054119348526001 0
0.8160134553909302 0
0.7781413197517395 0
0.8644415140151978 0
0.8062587380409241 0
0.87209153175354 0
0.8621582984924316 0
0.7841472625732422 0
0.7689882516860962 0
0.6960749626159668 0
0.9203447103500366 0
0.7903714776039124 0
0.8236563801765442 0
0.8162952661514282 0
0.8361063599586487 0
0.6769866347312927 0
0.9377924203872681 1
0.8985035419464111 1
0.9191743731498718 1
0.9108455181121826 1
0.9623064398765564 1
0.8141815066337585 1
0.9482667446136475 1
0.7788252234458923 1
0.9012442827224731 1
0.7996665835380554 1
0.8382323980331421 1
0.873621940612793 1
0.8417941927909851 1
0.8377132415771484 1
0.9117412567138672 1
0.9417257308959961 1
0.8985804319381714 1
0.9203379154205322 1
0.899227499961853 1
0.8464857935905457 1
0.9174008369445801 1
0.8704607486724854 1
0.9181424975395203 1
0.8866518139839172 1
0.9350863695144653 1
0.8730106949806213 1
0.9004846215248108 1
0.8940504193305969 1
0.9524375200271606 1
0.8899990320205688 1
0.7468596696853638 1
0.7419555187225342 1
0.8885902762413025 1
0.8749027252197266 1
0.8497304916381836 1
0.8488646745681763 1
0.782424807548523 1
0.8654084801673889 1
0.7784543037414551 1
0.9364008903503418 1
0.8659001588821411 1
0.70452880859375 1
0.24061095714569092 0
0.30823761224746704 0
0.38095489144325256 0
0.39628472924232483 0
0.17643561959266663 0
0.5870171785354614 0
0.3371020555496216 0
0.25911182165145874 0
0.35290801525115967 0
0.5208600759506226 0
0.3973037302494049 0
0.17781171202659607 0
0.29826417565345764 0
0.6243864893913269 0
0.4295974671840668 0
0.2815774083137512 0
0.2640702724456787 0
0.2566956877708435 0
0.3105769455432892 0
0.3105340600013733 0
0.23370593786239624 0
0.24056188762187958 0
0.3064935803413391 0
0.4102139472961426 0
0.28243452310562134 0
0.3495529294013977 0
0.2415926158428192 0
0.33068740367889404 0
0.242229163646698 0
0.5957255959510803 0
0.6360751986503601 0
0.6634822487831116 0
0.5773051977157593 0
0.46667757630348206 0
0.6035465002059937 0
0.5348761677742004 0
0.6261247396469116 0
0.5531600117683411 0
0.5640366673469543 0
0.5665281414985657 0
0.6484344601631165 0
0.4968356192111969 0
0.37688204646110535 0
0.6183324456214905 0
0.6026439070701599 0
0.5673230290412903 0
0.48406460881233215 0
0.5090835690498352 0
0.5932965278625488 0
0.7016600370407104 0
0.6545751690864563 0
0.4362955093383789 0
0.44982755184173584 0
0.7094863057136536 0
0.5330619812011719 0
0.5757702589035034 0
0.537895679473877 0
0.4445459544658661 0
0.6010298728942871 0
0.6483415365219116 0
0.5037428140640259 0
0.46001192927360535 0
0.446012407541275 0
0.7303341031074524 0
0.5323227643966675 0
0.5456452369689941 0
0.5728200078010559 0
0.5453997254371643 0
0.5118751525878906 0
0.5603212118148804 0
0.5869398713111877 0
0.7085093855857849 0
0.6310142278671265 0
0.6482099294662476 0
0.6723136901855469 0
0.6295932531356812 0
0.6693408489227295 0
0.7254694104194641 0
0.753278374671936 0
0.7397573590278625 0
0.7500790357589722 0
0.6874293088912964 0
0.6590713262557983 0
0.6977568864822388 0
0.7558602094650269 0
0.6676064729690552 0
0.7713286876678467 0
0.7899612188339233 0
0.6800435781478882 0
0.6890630722045898 0
0.6645379662513733 0
0.576013445854187 0
0.7585387229919434 0
0.7527545690536499 0
0.7018558979034424 0
0.73028165102005 0
0.6517496109008789 0
0.5634862780570984 0
0.6208640933036804 0
0.5087359547615051 0
0.6573758125305176 0
0.6057124733924866 0
0.7151567935943604 0
0.5934764742851257 0
0.695600152015686 0
0.8072853684425354 0
0.6935346126556396 0
0.6578066945075989 0
0.8346424698829651 0
0.6899144649505615 0
0.749845027923584 0
0.6472885608673096 0
0.5608016848564148 0
0.7991932034492493 0
0.8204710483551025 0
0.8071159720420837 0
0.80887371301651 0
0.7916853427886963 0
0.8313153386116028 0
0.8330792784690857 0
0.6523393988609314 0
0.9139984250068665 0
0.8068287968635559 0
0.7900176048278809 0
0.783126175403595 0
0.7734957337379456 0
0.770767867565155 0
0.7857957482337952 0
0.8786004185676575 0
0.7885882258415222 0
0.8296719193458557 0
0.7037456631660461 0
0.7988874316215515 0
0.8134124875068665 0
0.7824665307998657 0
0.8035922050476074 0
0.8573692440986633 0
0.8613831996917725 0
0.8063162565231323 0
0.7822490930557251 0
0.7749505043029785 0
0.7509965300559998 0
0.7733268737792969 0
0.8716838359832764 1
0.8721527457237244 1
0.8700398206710815 1
0.9078576564788818 1
0.8814089894294739 1
0.8332936763763428 1
0.8882983326911926 1
0.9314279556274414 1
0.9300584197044373 1
0.8935860991477966 1
0.9193277955055237 1
0.8330528140068054 1
0.8900161385536194 1
0.8991836309432983 1
0.8801825642585754 1
0.9046562314033508 1
0.949098527431488 1
0.9244027137756348 1
0.9239625930786133 1
0.9030795097351074 1
0.7208423614501953 1
0.8959474563598633 1
0.8964422345161438 1
0.8960765600204468 1
0.8426623344421387 1
0.8857020139694214 1
0.9720532894134521 1
0.9125210046768188 1
0.9366006851196289 1
0.8972331881523132 1
0.9999999403953552 1
0.6950513124465942 1
0.9013751149177551 1
0.9230771064758301 1
0.8878750205039978 1
0.9125034809112549 1
0.8921093344688416 1
0.8152616620063782 1
0.8531624674797058 1
0.8889198899269104 1
0.8529597520828247 1
0.866631269454956 1
0.8937423825263977 1
0.498029500246048 0
0.4799177944660187 0
0.4805011451244354 0
0.33327317237854004 0
0.2897084951400757 0
0.561415433883667 0
0.4397716820240021 0
0.31841400265693665 0
0.22066569328308105 0
0.41591325402259827 0
0.5631940364837646 0
0.3862973153591156 0
0.5105277895927429 0
0.4986805319786072 0
0.23902007937431335 0
0.32753080129623413 0
0.27117836475372314 0
0.34185677766799927 0
0.20176787674427032 0
0.35891348123550415 0
0.1058439239859581 0
0.28892895579338074 0
0.15207429230213165 0
0.26570433378219604 0
0.2572152316570282 0
0.2458408772945404 0
0.21073947846889496 0
0.3129429519176483 0
0.3549993932247162 0
0.6418331265449524 0
0.5769632458686829 0
0.6644257307052612 0
0.5318041443824768 0
0.5621750354766846 0
0.6108987331390381 0
0.4137917757034302 0
0.569628119468689 0
0.6901630759239197 0
0.6759403944015503 0
0.5809399485588074 0
0.6326553225517273 0
0.40931618213653564 0
0.6077351570129395 0
0.36038103699684143 0
0.6348010897636414 0
0.658637523651123 0
0.6396418213844299 0
0.5889239311218262 0
0.728761613368988 0
0.5623413324356079 0
0.5588501691818237 0
0.6228620409965515 0
0.5481133460998535 0
0.457827627658844 0
0.5432180166244507 0
0.7228296399116516 0
0.3555349111557007 0
0.6154882311820984 0
0.6103695631027222 0
0.46726715564727783 0
0.696295976638794 0
0.6432226300239563 0
0.5377920866012573 0
0.4575185775756836 0
0.49694913625717163 0
0.44489672780036926 0
0.6720308065414429 0
0.6566857099533081 0
0.4187498986721039 0
0.5370237231254578 0
0.5229964256286621 0
0.5977805852890015 0
0.5825881958007812 0
0.6354262232780457 0
0.6674691438674927 0
0.8070749640464783 0
0.646599531173706 0
0.7783220410346985 0
0.7239305377006531 0
0.7112672328948975 0
0.7495445609092712 0
0.7132478952407837 0
0.8291182518005371 0
0.8195919394493103 0
0.7214392423629761 0
0.691341757774353 0
0.6452138423919678 0
0.6201322078704834 0
0.685836911201477 0
0.6944624185562134 0
0.6613766551017761 0
0.6872535347938538 0
0.5094976425170898 0
0.6941336989402771 0
0.7435107231140137 0
0.5709984302520752 0
0.7118179202079773 0
0.5826152563095093 0
0.6236790418624878 0
0.5331119298934937 0
0.7548977136611938 0
0.49508044123649597 0
0.6068773865699768 0
0.7180832028388977 0
0.7756914496421814 0
0.5424829721450806 0
0.625867486000061 0
0.7431148290634155 0
0.6381344795227051 0
0.7651572227478027 0
0.5140987634658813 0
0.6121073961257935 0
0.3952731192111969 0
0.42203813791275024 0
0.45919984579086304 0
0.35637006163597107 0
0.5228068828582764 0
0.3983398675918579 0
0.363427996635437 0
0.42646464705467224 0
0.3818921446800232 0
0.33964741230010986 0
0.5562652349472046 0
0.3831232488155365 0
0.4506853520870209 0
0.2941780686378479 0
0.3814428448677063 0
0.4343056082725525 0
0.42945703864097595 0
0.43595853447914124 0
0.4989665448665619 0
0.38196295499801636 0
0.335954487323761 0
0.3458135724067688 0
0.42290088534355164 0
0.45804640650749207 0
0.49254730343818665 0
0.4764177203178406 0
0.3884965777397156 0
0.34159407019615173 0
0.378847599029541 0
0.4102723002433777 0
0.38936713337898254 0
0.40236568450927734 0
0.3642091453075409 0
0.41038718819618225 0
0.2541903555393219 0
0.39999258518218994 0
0.3189283311367035 0
0.35585322976112366 0
0.363507479429245 0
0.280733197927475 0
0.4012254476547241 0
0.48319047689437866 0
0.34192460775375366 0
0.17322364449501038 0
0.4837495982646942 0
0.3461577296257019 0
0.4914977252483368 0
0.35116031765937805 0
0.5367109775543213 0
0.3744259178638458 0
0.39482417702674866 0
0.4626116156578064 0
0.4057798385620117 0
0.613590657711029 0
0.31132078170776367 0
0.5797075629234314 0
0.43335145711898804 0
0.3411734402179718 0
0.3148384392261505 0
0.43864157795906067 0
0.4763336777687073 0
0.35890036821365356 0
0.3090936541557312 0
0.4411892294883728 0
0.49543899297714233 0
0.4029785394668579 0
0.552049994468689 0
0.2943674623966217 0
0.5720289945602417 0
0.3642326295375824 0
0.4492653012275696 0
0.26246535778045654 0
0.29761746525764465 0
0.39564305543899536 0
0.9065039157867432 1
0.9120405316352844 1
0.9524036645889282 1
0.8736741542816162 1
0.9513360857963562 1
0.9163773655891418 1
0.8353757262229919 1
0.9246788620948792 1
0.9291320443153381 1
0.9008028507232666 1
0.9273006319999695 1
0.9408015608787537 1
0.8790207505226135 1
0.8855766654014587 1
0.7495275139808655 1
0.8402045965194702 1
0.8234562277793884 1
0.7844059467315674 1
0.768151581287384 1
0.7454705834388733 1
0.8514217138290405 1
0.8283080458641052 1
0.7888807058334351 1
0.7705671787261963 1
0.8034270405769348 1
0.7912723422050476 1
0.7325159311294556 1
0.8213207125663757 1
0.8020710945129395 1
0.12579376995563507 0
0.2304031252861023 0
0.12727437913417816 0
0.22771795094013214 0
0.12253079563379288 0
0.15403710305690765 0
0.10886187106370926 0
0.19292180240154266 0
0.23531782627105713 0
0.2279609888792038 0
0.16377592086791992 0
0.21948972344398499 0
0.08279310166835785 0
0.19626709818840027 0
0.28526368737220764 0
0.28641536831855774 0
0.08848628401756287 0
0.35201138257980347 0
0.2261575609445572 0
0.16491089761257172 0
0.09719213843345642 0
0.09364427626132965 0
0.28181952238082886 0
0.14764969050884247 0
0.14350293576717377 0
0.1929018646478653 0
0.10695250332355499 0
0.057958442717790604 0
0.2358812689781189 0
0.13499131798744202 0
0.34561023116111755 0
0.173207089304924 0
0.2499632090330124 0
0.33550959825515747 0
0.21556714177131653 0
0.18009990453720093 0
0.051244888454675674 0
0.2123517543077469 0
0.2069581300020218 0
0.1309136301279068 0
0.1887667179107666 0
0.09914270043373108 0
0.496049165725708 0
0.5714322328567505 0
0.5152833461761475 0
0.5077899694442749 0
0.40109118819236755 0
0.46077966690063477 0
0.2986033856868744 0
0.49937474727630615 0
0.5281559228897095 0
0.4929940104484558 0
0.46825459599494934 0
0.3516705632209778 0
0.470172256231308 0
0.5235261917114258 0
0.5736321806907654 0
0.5367763638496399 0
0.5439843535423279 0
0.5354584455490112 0
0.4208843410015106 0
0.40065982937812805 0
0.42304903268814087 0
0.38710448145866394 0
0.486684113740921 0
0.4835992157459259 0
0.37525081634521484 0
0.45241817831993103 0
0.587624728679657 0
0.44337230920791626 0
0.5891017317771912 0
0.5388954877853394 0
0.44081225991249084 0
0.632409930229187 0
0.5944259762763977 0
0.43962815403938293 0
0.42751187086105347 0
0.39229047298431396 0
0.42940881848335266 0
0.35938897728919983 0
0.3459798991680145 0
0.46752864122390747 0
0.549627959728241 0
0.453518271446228 0
0.4034481942653656 0
0.4122490882873535 0
0.38643401861190796 0
0.37051767110824585 0
0.3800381124019623 0
0.26630643010139465 0
0.33304551243782043 0
0.33441242575645447 0
0.3874237835407257 0
0.3426494002342224 0
0.412160724401474 0
0.3035053014755249 0
0.343397319316864 0
0.3646160662174225 0
0.4976167380809784 0
0.3297026753425598 0
0.4788246154785156 0
0.40587323904037476 0
0.19401147961616516 0
0.3965507745742798 0
0.40062522888183594 0
0.3540703356266022 0
0.3870800733566284 0
0.406194806098938 0
0.40279048681259155 0
0.31197452545166016 0
0.30771613121032715 0
0.29444369673728943 0
0.37848961353302 0
0.3585118055343628 0
0.4265120029449463 0
0.284171462059021 0
0.3706399202346802 0
0.34445008635520935 0
0.3531090319156647 0
0.23212112486362457 0
0.28707343339920044 0
0.24612124264240265 0
0.23245413601398468 0
0.35092538595199585 0
0.3239611089229584 0
0.24514895677566528 0
0.28433680534362793 0
0.19201162457466125 0
0.20433808863162994 0
0.21971000730991364 0
0.3336871266365051 0
0.3092520534992218 0
0.32252243161201477 0
0.27849918603897095 0
0.35909542441368103 0
0.3676261603832245 0
0.27909350395202637 0
0.31362247467041016 0
0.42018017172813416 0
0.3408472239971161 0
0.35238102078437805 0
0.41141876578330994 0
0.2911936938762665 0
0.4202183485031128 0
0.27077358961105347 0
0.37378981709480286 0
0.33748236298561096 0
0.3006078004837036 0
0.22638961672782898 0
0.18120913207530975 0
0.41392314434051514 0
0.2639560103416443 0
0.29070228338241577 0
0.3378693461418152 0
0.23528940975666046 0
0.11996562033891678 0
0.7337560057640076 1
0.7374175190925598 1
0.8363552689552307 1
0.7837337255477905 1
0.8699137568473816 1
0.6893486976623535 1
0.7790610194206238 1
0.8162674307823181 1
0.73641437292099 1
0.8137902617454529 1
0.8663510084152222 1
0.8377234935760498 1
0.8037351965904236 1
0.7591392993927002 1
0.7911463379859924 1
0.846041738986969 1
0.9105055928230286 1
0.9130104184150696 1
0.8844578862190247 1
0.9304428696632385 1
0.8974619507789612 1
0.8628227114677429 1
0.8676679134368896 1
0.8854477405548096 1
0.8858649730682373 1
0.8548606634140015 1
0.8826764225959778 1
0.8970560431480408 1
0.9426730871200562 1
0.1917164921760559 0
