0.9571197032928467 1
0.9782088398933411 1
0.9843209981918335 1
0.9704697728157043 1
0.9099858403205872 1
0.9073008298873901 1
0.9588481187820435 1
0.893774688243866 1
0.9672572016716003 1
0.9581311345100403 1
0.8891118764877319 1
0.9788152575492859 1
0.9761209487915039 1
0.9237274527549744 1
0.9621363282203674 1
0.907751202583313 1
0.95174241065979 1
0.930968701839447 1
0.9410657286643982 1
0.9194362163543701 1
0.931150496006012 1
0.9554958939552307 1
0.9396498203277588 1
0.9449365139007568 1
0.9467305541038513 1
0.9617577791213989 1
0.9593243598937988 1
0.9642854928970337 1
0.9003958702087402 1
0.9478135108947754 1
0.9717728495597839 1
0.966406524181366 1
0.9698613286018372 1
0.9825664162635803 1
0.9505709409713745 1
0.9596716165542603 1
0.9805302619934082 1
0.9819705486297607 1
0.9812266230583191 1
0.9331293106079102 1
0.9741107821464539 1
0.9765623807907104 1
0.6101688146591187 0
0.6524699330329895 0
0.7100136280059814 0
0.6754229068756104 0
0.6149747967720032 0
0.6523795127868652 0
0.6170670390129089 0
0.7510185837745667 0
0.705722987651825 0
0.7258490324020386 0
0.6226300001144409 0
0.7620494365692139 0
0.7745546698570251 0
0.7538183927536011 0
0.7759837508201599 0
0.6943882703781128 0
0.6221235990524292 0
0.7269446849822998 0
0.7308567762374878 0
0.6610286831855774 0
0.6462879180908203 0
0.8082277178764343 0
0.6893505454063416 0
0.6131054759025574 0
0.6130216717720032 0
0.5830559134483337 0
0.566369354724884 0
0.5830169916152954 0
0.5852272510528564 0
0.727444052696228 0
0.49487534165382385 0
0.7617754936218262 0
0.6188398599624634 0
0.6882733106613159 0
0.611237108707428 0
0.6683396697044373 0
0.6848499178886414 0
0.6895127892494202 0
0.8152133226394653 0
0.4900428354740143 0
0.6191616058349609 0
0.5885691046714783 0
0.6319056153297424 0
0.519709587097168 0
0.6750229597091675 0
0.6476702690124512 0
0.6715514659881592 0
0.7000482678413391 0
0.6989498734474182 0
0.7115522027015686 0
0.6568278074264526 0
0.6605492234230042 0
0.5673552751541138 0
0.6323262453079224 0
0.7527976632118225 0
0.7892028093338013 0
0.6793632507324219 0
0.6356165409088135 0
0.6808509826660156 0
0.6101923584938049 0
0.5902343988418579 0
0.6498040556907654 0
0.6092931628227234 0
0.7157325148582458 0
0.7307351231575012 0
0.6640602946281433 0
0.7026501893997192 0
0.7010990381240845 0
0.6795221567153931 0
0.7158645987510681 0
0.532045304775238 0
0.6269221901893616 0
0.7522369027137756 0
0.6947152018547058 0
0.7637975215911865 0
0.7898247838020325 0
0.7086480855941772 0
0.7197603583335876 0
0.745701014995575 0
0.7540598511695862 0
0.8415248990058899 0
0.8373000025749207 0
0.8168575763702393 0
0.7331419587135315 0
0.7731786966323853 0
0.7737331986427307 0
0.8335914015769958 0
0.7465282678604126 0
0.7563356161117554 0
0.8140895962715149 0
0.8051716685295105 0
0.7683947086334229 0
0.8142723441123962 0
0.7923411726951599 0
0.7313240766525269 0
0.9010620713233948 0
0.8123982548713684 0
0.7776559591293335 0
0.7968324422836304 0
0.7768740057945251 0
0.8274730443954468 0
0.7601944804191589 0
0.79575115442276 0
0.8282253742218018 0
0.7936880588531494 0
0.8795410990715027 0
0.8121914267539978 0
0.7830544710159302 0
0.7619167566299438 0
0.7228831052780151 0
0.8577487468719482 0
0.8102973699569702 0
0.7937430739402771 0
0.900505006313324 0
0.11127286404371262 0
-0.07367268949747086 0
-0.03796624019742012 0
0.0017609759233891964 0
-0.0759354829788208 0
-0.06454635411500931 0
-0.17076732218265533 0
-0.05012607201933861 0
-0.05688294395804405 0
0.02481037937104702 0
0.1486814022064209 0
0.0418924018740654 0
0.053034547716379166 0
0.1009717658162117 0
0.11541495472192764 0
-0.1365858018398285 0
-0.043070584535598755 0
-0.1328483670949936 0
-0.11631547659635544 0
-0.04180115833878517 0
-0.10398499667644501 0
-0.09749896079301834 0
-0.10887695848941803 0
-0.08628866076469421 0
-0.10299807041883469 0
-0.1316663771867752 0
-0.0853654071688652 0
-0.13993214070796967 0
-0.09745263308286667 0
0.9792414307594299 1
0.9862843155860901 1
0.8910441398620605 1
0.9737991690635681 1
0.9741873741149902 1
0.9305235743522644 1
0.9541707634925842 1
0.9026355743408203 1
0.9812435507774353 1
0.9850101470947266 1
0.9378119707107544 1
0.9774504899978638 1
0.9874595999717712 1
0.9827989935874939 1
0.9903522729873657 1
0.9824734330177307 1
0.9516752362251282 1
0.9210650324821472 1
0.9316630363464355 1
0.9436325430870056 1
0.942781388759613 1
0.9810075759887695 1
0.9525752663612366 1
0.9578146934509277 1
0.9454832673072815 1
0.9897696375846863 1
0.9133353233337402 1
0.9527369737625122 1
0.9429235458374023 1
0.9088487029075623 1
0.9526509046554565 1
0.906022310256958 1
0.9794992208480835 1
0.9753300547599792 1
0.9778385162353516 1
0.9573051333427429 1
0.9525118470191956 1
0.976567804813385 1
0.9750173091888428 1
0.9756535291671753 1
0.9602540135383606 1
0.9281598329544067 1
0.964588463306427 1
0.6971237659454346 0
0.5270967483520508 0
0.8102070093154907 0
0.6774874329566956 0
0.6791497468948364 0
0.7665219902992249 0
0.6045137047767639 0
0.5423539876937866 0
0.6785351634025574 0
0.6431684494018555 0
0.6413974165916443 0
0.7132051587104797 0
0.6458042860031128 0
0.7353546619415283 0
0.6893547773361206 0
0.7054352164268494 0
0.7106201648712158 0
0.6463603377342224 0
0.6094380021095276 0
0.7204145789146423 0
0.7214860320091248 0
0.601226270198822 0
0.5906957983970642 0
0.5510151982307434 0
0.7442249655723572 0
0.5453256368637085 0
0.44593238830566406 0
0.6667153239250183 0
0.6459765434265137 0
0.6278492212295532 0
0.6122413873672485 0
0.7347305417060852 0
0.7466017007827759 0
0.7579885125160217 0
0.6815143823623657 0
0.7861887216567993 0
0.671919584274292 0
0.700315535068512 0
0.7567000985145569 0
0.6734198331832886 0
0.6526769399642944 0
0.6066727638244629 0
0.48566731810569763 0
0.569318950176239 0
0.675820529460907 0
0.5885975360870361 0
0.6462581157684326 0
0.675176203250885 0
0.6582363843917847 0
0.6148765087127686 0
0.5329264998435974 0
0.5638137459754944 0
0.543010950088501 0
0.6588003039360046 0
0.6456273794174194 0
0.6389035582542419 0
0.7377466559410095 0
0.6840522289276123 0
0.699758768081665 0
0.6797741055488586 0
0.7847332954406738 0
0.7094366550445557 0
0.7396392822265625 0
0.6910756826400757 0
0.6501808166503906 0
0.5500308275222778 0
0.682115912437439 0
0.7418553233146667 0
0.6546531915664673 0
0.6412634253501892 0
0.6456708312034607 0
0.5555568337440491 0
0.7586430907249451 0
0.773751437664032 0
0.7416163086891174 0
0.8245560526847839 0
0.7443596720695496 0
0.789608895778656 0
0.7472125887870789 0
0.8392991423606873 0
0.7601622939109802 0
0.7733750939369202 0
0.762852132320404 0
0.6527072787284851 0
0.8480074405670166 0
0.8076172471046448 0
0.8036891222000122 0
0.7552024126052856 0
0.7158416509628296 0
0.7891483306884766 0
0.6701152920722961 0
0.7732036709785461 0
0.8132010102272034 0
0.7948195934295654 0
0.8331805467605591 0
0.8216806650161743 0
0.6972223520278931 0
0.8142751455307007 0
0.8210718035697937 0
0.8395802974700928 0
0.7986462712287903 0
0.7928715944290161 0
0.8102651238441467 0
0.7434253096580505 0
0.8172760605812073 0
0.7838250994682312 0
0.7774626016616821 0
0.7878798842430115 0
0.7345449328422546 0
0.75829017162323 0
0.7438427209854126 0
0.806336522102356 0
0.9082688689231873 0
0.8375130891799927 0
-0.01262381300330162 0
-0.038197096437215805 0
0.0005192518001422286 0
-0.1614210158586502 0
-0.03216604143381119 0
0.06782343238592148 0
-0.000989811960607767 0
0.02576650306582451 0
0.047854918986558914 0
0.09791219979524612 0
0.034126874059438705 0
0.19293390214443207 0
0.19374430179595947 0
0.02288644388318062 0
0.12058380991220474 0
-0.02238752692937851 0
-0.11208193749189377 0
-0.0575021356344223 0
-0.23538891971111298 0
-0.1472472995519638 0
-0.06133707985281944 0
-0.18986038863658905 0
-0.16071192920207977 0
-0.11662503331899643 0
-0.15148745477199554 0
-0.14987193048000336 0
-0.16446749866008759 0
-0.06438935548067093 0
-0.22204537689685822 0
0.9339850544929504 1
0.9030064344406128 1
0.9575265645980835 1
0.9727899432182312 1
0.9378620386123657 1
0.8736491203308105 1
0.9534009695053101 1
0.9245455861091614 1
0.9544177055358887 1
0.9739001989364624 1
0.9751116633415222 1
0.966718852519989 1
0.9506596922874451 1
0.9640858769416809 1
0.9666024446487427 1
0.9675984382629395 1
0.9736194014549255 1
0.978498101234436 1
0.9563350677490234 1
0.9708433747291565 1
0.9886941909790039 1
0.9742976427078247 1
0.9748891592025757 1
0.9270924925804138 1
0.9526629447937012 1
0.9655212163925171 1
0.9313545227050781 1
0.9667302966117859 1
0.9529373049736023 1
0.9745372533798218 1
0.9555468559265137 1
0.9458844661712646 1
0.9764775633811951 1
0.9444393515586853 1
0.9429357647895813 1
0.9497879147529602 1
0.9403685927391052 1
0.9799514412879944 1
0.9871662855148315 1
0.965480625629425 1
0.9650896787643433 1
0.9435714483261108 1
0.674076497554779 0
0.6131780743598938 0
0.6003029942512512 0
0.6800676584243774 0
0.6372297406196594 0
0.7863603830337524 0
0.6156057715415955 0
0.7818777561187744 0
0.6475890278816223 0
0.596271276473999 0
0.9732051491737366 1
0.9783641695976257 1
0.9284324645996094 1
0.912179708480835 1
0.9733925461769104 1
0.9383929967880249 1
0.9734384417533875 1
0.9586343169212341 1
0.9223032593727112 1
0.945229172706604 1
0.9656619429588318 1
0.9570353031158447 1
0.9709474444389343 1
0.9682538509368896 1
0.9276699423789978 1
0.8983165621757507 1
0.8904039263725281 1
0.939083456993103 1
0.9064829349517822 1
0.8750168681144714 1
0.914153516292572 1
0.9753740429878235 1
0.9681494832038879 1
0.9270253777503967 1
0.8715254664421082 1
0.9634032845497131 1
0.9458741545677185 1
0.9783008694648743 1
0.8791804313659668 1
0.9433255791664124 1
0.9476035237312317 1
0.9108214378356934 1
0.856201708316803 0
0.749665379524231 0
0.7812600135803223 0
0.9227371215820312 0
0.885232150554657 0
0.8781540989875793 0
0.8325778841972351 0
0.8419564962387085 0
0.891598105430603 0
0.8731668591499329 0
0.8845852613449097 0
0.8397400975227356 0
0.7848551273345947 0
0.8074701428413391 0
0.8831776976585388 0
0.8873935341835022 0
0.8927255868911743 0
0.8790443539619446 0
0.8218387365341187 0
0.9146421551704407 0
0.8259581923484802 0
0.8149319291114807 0
0.8883493542671204 0
0.8843416571617126 0
0.8996106386184692 0
0.8352569341659546 0
0.8816779255867004 0
0.794033944606781 0
0.8919997811317444 0
0.8335212469100952 0
0.933027446269989 0
0.882503867149353 0
0.8510264158248901 0
0.8898448348045349 0
0.8668705224990845 0
0.8868120908737183 0
0.9136491417884827 0
0.8870311975479126 0
0.909457802772522 0
0.94916170835495 0
0.9246475696563721 0
0.91090989112854 0
0.8953086733818054 0
0.8893977403640747 0
0.8166763782501221 0
0.9498035311698914 0
0.8985825181007385 0
0.8324137926101685 0
0.9522841572761536 0
0.9290207028388977 0
0.9251070022583008 0
0.8647758364677429 0
0.8826917409896851 0
0.937086284160614 0
0.9109264016151428 0
0.9097070693969727 0
0.9046128392219543 0
0.9033137559890747 0
0.9272425770759583 0
0.8148720860481262 0
0.8542788624763489 0
0.9280068874359131 0
0.8771082758903503 0
0.9145779609680176 0
0.9012728333473206 0
0.8887964487075806 0
0.8636112809181213 0
0.8822540640830994 0
0.9422509670257568 0
0.9287968873977661 0
0.8373532891273499 0
0.9006791710853577 0
0.9240424633026123 0
0.33674824237823486 0
0.5065421462059021 0
0.5137074589729309 0
0.28979694843292236 0
0.5236465930938721 0
0.4833112359046936 0
0.4140157401561737 0
0.48392364382743835 0
0.3547101616859436 0
0.442167192697525 0
0.47571372985839844 0
0.3587961494922638 0
0.37150272727012634 0
0.3705851435661316 0
0.0755515992641449 0
0.1756395548582077 0
0.18512265384197235 0
0.13493986427783966 0
0.1918790638446808 0
0.24417373538017273 0
0.32270100712776184 0
0.1296984702348709 0
0.12385433167219162 0
0.14300523698329926 0
0.18991588056087494 0
0.1939295530319214 0
0.2636350393295288 0
0.17237915098667145 0
0.33564049005508423 0
0.6252024173736572 0
0.7157219052314758 0
0.5567737221717834 0
0.6599133610725403 0
0.6242452263832092 0
0.7259988188743591 0
0.7086135149002075 0
0.6963601112365723 0
0.7155494093894958 0
0.8153294920921326 0
0.6482622623443604 0
0.6483373045921326 0
0.6576788425445557 0
0.725383996963501 0
0.698410153388977 0
0.7389453649520874 0
0.7303589582443237 0
0.6752486228942871 0
0.7124583125114441 0
0.5235127806663513 0
0.6827095746994019 0
0.7025024890899658 0
0.6997842788696289 0
0.6016371846199036 0
0.6628982424736023 0
0.701729416847229 0
0.755967378616333 0
0.6590458154678345 0
0.7265126705169678 0
0.5602759122848511 0
0.6300165057182312 0
0.6489474773406982 0
0.6898369193077087 0
0.6214337944984436 0
0.561724066734314 0
0.6939841508865356 0
0.6837221384048462 0
0.5846126079559326 0
0.6674807071685791 0
0.5975151062011719 0
0.6763405203819275 0
0.6627310514450073 0
0.9472430944442749 1
0.9466981291770935 1
0.9002885818481445 1
0.9676968455314636 1
0.96410071849823 1
0.9483950138092041 1
0.9662166833877563 1
0.9673756957054138 1
0.953872561454773 1
0.9365143775939941 1
0.9579514861106873 1
0.9215129613876343 1
0.9524113535881042 1
0.9521431922912598 1
0.909658670425415 1
0.9272462725639343 1
0.892768919467926 1
0.9653889536857605 1
0.8103393912315369 1
0.9874934554100037 1
0.9627062678337097 1
0.9252447485923767 1
0.9567467570304871 1
0.9670957326889038 1
0.9694315791130066 1
0.9064599275588989 1
0.8617826104164124 1
0.968437135219574 1
0.9231223464012146 1
0.9274811148643494 1
0.9456985592842102 1
0.9345161318778992 1
0.9403470158576965 1
0.9136785268783569 1
0.9730108380317688 1
0.8904463648796082 1
0.9248839616775513 1
0.906620442867279 1
0.9607456922531128 1
0.9722422361373901 1
0.9388778805732727 1
0.8596556782722473 1
0.8332209587097168 0
0.7694593071937561 0
0.800223171710968 0
0.9426475763320923 0
0.8794353604316711 0
0.8558883666992188 0
0.8699114918708801 0
0.8412564992904663 0
0.8431127667427063 0
0.9069799184799194 0
0.8991880416870117 0
0.8442608714103699 0
0.820384681224823 0
0.8800321221351624 0
0.9017367959022522 0
0.8978466391563416 0
0.7805935740470886 0
0.8551680445671082 0
0.9025629758834839 0
0.8702384233474731 0
0.935330331325531 0
0.770745038986206 0
0.8876982927322388 0
0.8359878063201904 0
0.8648473620414734 0
0.8805372714996338 0
0.8440048694610596 0
0.8394147157669067 0
0.8561682105064392 0
0.7315191626548767 0
0.9081742167472839 0
0.9045059084892273 0
0.9208505749702454 0
0.9018822908401489 0
0.819258987903595 0
0.8821713924407959 0
0.9541794061660767 0
0.8991503119468689 0
0.9091653227806091 0
0.9204901456832886 0
0.9042859077453613 0
0.8742780089378357 0
0.8304124474525452 0
0.8940468430519104 0
0.8344230651855469 0
0.9043683409690857 0
0.8646903038024902 0
0.9565911889076233 0
0.8816106915473938 0
0.8579258918762207 0
0.8664922714233398 0
0.6775973439216614 0
0.9121193289756775 0
0.8490929007530212 0
0.8506753444671631 0
0.882433295249939 0
0.8477102518081665 0
0.9040366411209106 0
0.7695112824440002 0
0.8254931569099426 0
0.9291702508926392 0
0.8669618368148804 0
0.9098467230796814 0
0.7896731495857239 0
0.9050202369689941 0
0.7898486852645874 0
0.8801020979881287 0
0.8637902736663818 0
0.8863495588302612 0
0.8506984710693359 0
0.8086166977882385 0
0.827853262424469 0
0.8789259195327759 0
0.32919004559516907 0
0.5371262431144714 0
0.4455545246601105 0
0.37796270847320557 0
0.33613336086273193 0
0.2709754407405853 0
0.42113736271858215 0
0.39684703946113586 0
0.3657265603542328 0
0.47166943550109863 0
0.5338726043701172 0
0.5333571434020996 0
0.5136094093322754 0
0.44085657596588135 0
0.19505350291728973 0
0.3888143002986908 0
0.4094178378582001 0
0.2937602400779724 0
0.25521019101142883 0
0.12424957007169724 0
0.27042463421821594 0
0.31413450837135315 0
0.187542125582695 0
0.3020661771297455 0
0.3333253264427185 0
0.46391594409942627 0
0.16380426287651062 0
0.3663654029369354 0
0.23042605817317963 0
0.547014594078064 0
0.5777754187583923 0
0.5900990962982178 0
0.6697201132774353 0
0.5588050484657288 0
0.5976320505142212 0
0.6137025952339172 0
0.6225590705871582 0
0.632980227470398 0
0.6843777894973755 0
0.7422950863838196 0
0.44348570704460144 0
0.5995407700538635 0
0.6980384588241577 0
0.500034511089325 0
0.7606140375137329 0
0.7277774214744568 0
0.7051522135734558 0
0.818653404712677 0
0.7296159267425537 0
0.814324140548706 0
0.7515726089477539 0
0.7465984225273132 0
0.6827208995819092 0
0.7370346784591675 0
0.5786297917366028 0
0.8374761343002319 0
0.5381330847740173 0
0.7795728445053101 0
0.6868616938591003 0
0.4822210669517517 0
0.6864820718765259 0
0.6877766847610474 0
0.5459070801734924 0
0.7108458876609802 0
0.6827194094657898 0
0.8348094820976257 0
0.7383588552474976 0
0.6914564967155457 0
0.8392712473869324 0
0.6011402010917664 0
0.6325125098228455 0
0.925838053226471 1
0.9223294854164124 1
0.9427787661552429 1
0.9611681699752808 1
0.9389428496360779 1
0.9739274382591248 1
0.9497655630111694 1
0.9648712873458862 1
0.9498225450515747 1
0.9650884866714478 1
0.961184561252594 1
0.9654449820518494 1
0.9637040495872498 1
0.9420316219329834 1
0.9499353766441345 1
0.9425725936889648 1
0.8851580619812012 1
0.9621767401695251 1
0.9146857261657715 1
0.9106230735778809 1
0.9500266909599304 1
0.9697244763374329 1
0.851624608039856 1
0.9201474785804749 1
0.9675418734550476 1
0.9394789338111877 1
0.9625793099403381 1
0.9598904252052307 1
0.9531860947608948 1
0.9673134088516235 1
0.9739445447921753 1
0.9415947794914246 1
0.9369431138038635 1
0.9553489685058594 1
0.9488222002983093 1
0.8777959942817688 1
0.9400306940078735 1
0.9329391121864319 1
0.9501144289970398 1
0.9603458046913147 1
0.9188591241836548 1
0.9211449027061462 1
0.7792497277259827 0
0.7603870630264282 0
0.780248761177063 0
0.8717888593673706 0
0.8220441937446594 0
0.7607055306434631 0
0.852522075176239 0
0.8200632929801941 0
0.8567892909049988 0
0.870529294013977 0
0.8850964307785034 0
0.8974201083183289 0
0.8828669190406799 0
0.8861602544784546 0
0.9048821330070496 0
0.9768347144126892 1
0.9761073589324951 1
0.9546318650245667 1
0.9705798625946045 1
0.9332538843154907 1
0.9242438673973083 1
0.9259808659553528 1
0.8636989593505859 1
0.9674815535545349 1
0.97908616065979 1
0.9420844316482544 1
0.9562972187995911 1
0.9381166100502014 1
0.957379937171936 1
0.980872392654419 1
0.764564037322998 0
0.8372572064399719 0
0.8516814112663269 0
0.8622103929519653 0
0.8550024628639221 0
0.8250625729560852 0
0.8878781199455261 0
0.8052842020988464 0
0.7789526581764221 0
0.8642958998680115 0
0.8667076826095581 0
0.8605192303657532 0
0.9475863575935364 0
0.9309089779853821 0
0.8835501074790955 0
0.871360719203949 0
0.8780823349952698 0
0.8730712532997131 0
0.8785361051559448 0
0.9096947908401489 0
0.849075436592102 0
0.8645405769348145 0
0.8098932504653931 0
0.8717755675315857 0
0.8627591729164124 0
0.8094077110290527 0
0.7736138105392456 0
0.9004135131835938 0
0.8126430511474609 0
0.7774301767349243 0
0.903196394443512 0
0.638228178024292 0
0.8823930025100708 0
0.908126950263977 0
0.8501322865486145 0
0.8880358338356018 0
0.9292840957641602 0
0.8821521401405334 0
0.790663480758667 0
0.8149611353874207 0
0.8176472187042236 0
0.8001954555511475 0
0.29391565918922424 0
0.24938629567623138 0
0.39303478598594666 0
0.27735644578933716 0
0.3904155194759369 0
0.3993871212005615 0
0.38649994134902954 0
0.38763877749443054 0
0.26908281445503235 0
0.4470946490764618 0
0.39517393708229065 0
0.3770555555820465 0
0.2826771140098572 0
0.428607702255249 0
0.3128740191459656 0
0.21847154200077057 0
0.2608342170715332 0
0.26607009768486023 0
0.17390866577625275 0
0.21332921087741852 0
0.13046365976333618 0
0.12963183224201202 0
0.18522794544696808 0
0.2709994912147522 0
0.38701561093330383 0
0.289766401052475 0
0.17840290069580078 0
0.3200281858444214 0
0.17784647643566132 0
0.7400930523872375 0
0.5664976239204407 0
0.6381345391273499 0
0.5848934650421143 0
0.5774326920509338 0
0.6905921101570129 0
0.6107513904571533 0
0.604030966758728 0
0.7807916402816772 0
0.7134250998497009 0
0.7229595184326172 0
0.6803211569786072 0
0.635260283946991 0
0.6460642218589783 0
0.6642153263092041 0
0.6305011510848999 0
0.7125102281570435 0
0.7363112568855286 0
0.6935897469520569 0
0.5378880500793457 0
0.7247016429901123 0
0.6005246639251709 0
0.5756204128265381 0
0.7151104807853699 0
0.6252157688140869 0
0.6316524147987366 0
0.6494916677474976 0
0.5740665793418884 0
0.5344439744949341 0
0.6758679151535034 0
0.7154850363731384 0
0.6519067287445068 0
0.5766052603721619 0
0.7065712809562683 0
0.7184500098228455 0
0.6287383437156677 0
0.6039099097251892 0
0.6263188123703003 0
0.6618121862411499 0
0.6785060167312622 0
0.7402693629264832 0
0.5384513139724731 0
0.7930929064750671 0
0.8267736434936523 0
0.8260142803192139 0
0.8991611003875732 0
0.8142588138580322 0
0.8699738383293152 0
0.8547038435935974 0
0.8734016418457031 0
0.858604371547699 0
0.8713667392730713 0
0.8275753855705261 0
0.7617865204811096 0
0.8493788242340088 0
0.8519421815872192 0
0.8902150988578796 0
0.8783537149429321 0
0.8971531987190247 0
0.9125376343727112 0
0.8420921564102173 0
0.8327800035476685 0
0.8709286451339722 0
0.8929648399353027 0
0.847002387046814 0
0.8604463934898376 0
0.9052955508232117 0
0.7396228313446045 0
0.8758000731468201 0
0.9016543030738831 0
0.8091335296630859 0
0.8257625102996826 0
0.8374529480934143 0
0.8875864744186401 0
0.9146884083747864 0
0.8917169570922852 0
0.8755239844322205 0
0.8470495939254761 0
0.8635077476501465 0
0.8522396087646484 0
0.850786566734314 0
0.8703653812408447 0
0.739814043045044 0
0.8793976306915283 0
0.8928127288818359 0
0.9596378207206726 1
0.8870641589164734 1
0.9586164355278015 1
0.9413540363311768 1
0.974618136882782 1
0.982180655002594 1
0.9783042669296265 1
0.8745097517967224 1
0.9663829207420349 1
0.981622040271759 1
0.9587977528572083 1
0.9087589979171753 1
0.9212106466293335 1
0.9614892601966858 1
0.9763490557670593 1
0.9772102236747742 1
0.9753623604774475 1
0.9479395747184753 1
0.980241060256958 1
0.9821916222572327 1
0.9838127493858337 1
0.9732248783111572 1
0.9458456039428711 1
0.9721226692199707 1
0.9810065031051636 1
0.9753501415252686 1
0.9718854427337646 1
0.9906105995178223 1
0.9182206392288208 1
0.9631288647651672 1
0.8942375779151917 0
0.833425760269165 0
0.8838391900062561 0
0.9280881285667419 0
0.9234561920166016 0
0.915043830871582 0
0.8698460459709167 0
0.8773127794265747 0
0.8900365829467773 0
0.909666121006012 0
0.8316720724105835 0
0.9150114059448242 0
0.8312807679176331 0
0.7958087921142578 0
0.8468482494354248 0
0.9256854057312012 0
0.9159988760948181 0
0.9170434474945068 0
0.860503613948822 0
0.8962847590446472 0
0.8909441828727722 0
0.9311588406562805 0
0.9644988775253296 0
0.8566048741340637 0
0.9475283026695251 0
0.8890559673309326 0
0.8277350664138794 0
0.9073199033737183 0
0.8706943392753601 0
0.9084680080413818 0
0.9268097877502441 0
0.9250677227973938 0
0.904113233089447 0
0.8173686265945435 0
0.8215500712394714 0
0.8323825001716614 0
0.877312183380127 0
0.8858121633529663 0
0.8311198949813843 0
0.8110175132751465 0
0.9342878460884094 0
0.8935832381248474 0
0.45007944107055664 0
0.35327112674713135 0
0.29259252548217773 0
0.45163774490356445 0
0.39641931653022766 0
0.29494789242744446 0
0.27552446722984314 0
0.3610852360725403 0
0.3965871036052704 0
0.31178775429725647 0
0.4302421808242798 0
0.37670743465423584 0
0.3635714650154114 0
0.36789000034332275 0
0.31871193647384644 0
0.19316090643405914 0
0.26349231600761414 0
0.29366403818130493 0
0.19440913200378418 0
0.27863362431526184 0
0.3082525134086609 0
0.281747967004776 0
0.22279861569404602 0
0.2223547250032425 0
0.18527591228485107 0
0.24898512661457062 0
0.25031840801239014 0
0.27514365315437317 0
0.267074853181839 0
0.6351397037506104 0
0.6371601819992065 0
0.6034262180328369 0
0.4972596764564514 0
0.6491387486457825 0
0.6977208852767944 0
0.7116178274154663 0
0.6044669151306152 0
0.6355459690093994 0
0.5941482186317444 0
0.5768446326255798 0
0.6509382128715515 0
0.7018449306488037 0
0.6514752507209778 0
0.7123828530311584 0
0.6833218336105347 0
0.5137184858322144 0
0.6374005079269409 0
0.6649471521377563 0
0.6265400648117065 0
0.7039651870727539 0
0.7817459106445312 0
0.6452938914299011 0
0.6483676433563232 0
0.6431344747543335 0
0.6233603358268738 0
0.6674880385398865 0
0.7171438932418823 0
0.4897991418838501 0
0.775597870349884 0
0.7001627683639526 0
0.8093375563621521 0
0.8307589292526245 0
0.7635877728462219 0
0.7975737452507019 0
0.7579231262207031 0
0.7669071555137634 0
0.7593636512756348 0
0.8302131295204163 0
0.7505452036857605 0
0.7835598587989807 0
0.6947001218795776 0
0.772972822189331 0
0.8931334614753723 0
0.8336241841316223 0
0.9561879634857178 0
0.8380370140075684 0
0.8627269268035889 0
0.884607195854187 0
0.8446499109268188 0
0.8372887372970581 0
0.8871858716011047 0
0.8157182931900024 0
0.9142683744430542 0
0.9552932381629944 0
0.9176843166351318 0
0.9356333017349243 0
0.8907982110977173 0
0.9440178871154785 0
0.9201277494430542 0
0.9063870906829834 0
0.8024897575378418 0
0.9454694986343384 0
0.8496723771095276 0
0.8826150894165039 0
0.9050910472869873 0
0.7225356101989746 0
0.9098896384239197 0
0.8571223020553589 0
0.6444701552391052 0
0.8178671598434448 0
0.9338310956954956 0
0.915795087814331 0
0.8824430108070374 0
0.9274051189422607 0
0.8963437080383301 0
0.9559152722358704 0
0.8811914324760437 0
0.9344586133956909 0
0.9606058597564697 0
0.9260320663452148 0
0.9020346403121948 0
0.9173975586891174 0
0.8861711025238037 0
0.8070424795150757 0
0.7499244213104248 0
0.8046281933784485 0
0.8745946884155273 0
0.8172482252120972 0
0.8432877063751221 0
0.9509848356246948 0
0.8996413350105286 0
0.910566508769989 0
0.8349600434303284 0
0.8792572021484375 0
0.9062359929084778 0
0.8701390624046326 0
0.9080221652984619 0
0.8983652591705322 0
0.8667965531349182 0
0.9053964614868164 0
0.8582445383071899 0
0.9301795363426208 0
0.9171249866485596 0
0.9206616282463074 0
0.9442833065986633 0
0.9223575592041016 0
0.9161919951438904 0
0.700624942779541 0
0.9078518152236938 0
0.8921631574630737 0
0.8911523818969727 0
0.906113862991333 0
0.8273845314979553 0
0.7090702056884766 0
0.9809244275093079 1
0.9711549878120422 1
0.9756708741188049 1
0.9394097328186035 1
0.9757182002067566 1
0.9692034721374512 1
0.980048656463623 1
0.9389346837997437 1
0.9574959874153137 1
0.9528284072875977 1
0.9512524008750916 1
0.9229987859725952 1
0.9793776273727417 1
0.9721397757530212 1
0.9668734073638916 1
0.9675720930099487 1
0.9724456071853638 1
0.9776002764701843 1
0.9144989848136902 1
0.9620468020439148 1
0.9745457768440247 1
0.9641862511634827 1
0.9680432677268982 1
0.9636197686195374 1
0.9833980798721313 1
0.9444864392280579 1
0.908208429813385 1
0.9746221899986267 1
0.9904999732971191 1
0.9811455011367798 1
0.9231798052787781 1
0.9528802633285522 1
0.9605925679206848 1
0.9404380321502686 1
0.9381189346313477 1
0.946124255657196 1
0.932064414024353 1
0.9681212902069092 1
0.9246648550033569 1
0.9676262736320496 1
0.9387648701667786 1
0.88974529504776 1
0.25204160809516907 0
0.257680743932724 0
0.2736954391002655 0
0.20248380303382874 0
0.19956718385219574 0
0.41526857018470764 0
0.22669978439807892 0
0.21020233631134033 0
0.22199741005897522 0
0.28821590542793274 0
0.19012022018432617 0
0.2635050117969513 0
0.19843646883964539 0
0.22910800576210022 0
0.3073797821998596 0
0.05301680788397789 0
0.04637027159333229 0
-0.010690402239561081 0
-0.11164828389883041 0
-0.005318114534020424 0
0.010418030433356762 0
0.0036920474376529455 0
0.03553479164838791 0
0.13998030126094818 0
-0.09046440571546555 0
0.0272226519882679 0
0.0005686864606104791 0
0.0008750785491429269 0
-0.04021031782031059 0
0.8042055368423462 0
0.7635326385498047 0
0.8371710181236267 0
0.8109091520309448 0
0.8070875406265259 0
0.8841486573219299 0
0.786676287651062 0
0.7919432520866394 0
0.8119825124740601 0
0.715458333492279 0
0.7618585228919983 0
0.7831765413284302 0
0.7170769572257996 0
0.7510706186294556 0
0.8164796829223633 0
0.7274743914604187 0
0.7404363751411438 0
0.7889664769172668 0
0.8506110906600952 0
0.7503076791763306 0
0.7966957688331604 0
0.8552216291427612 0
0.8279942870140076 0
0.7467662692070007 0
0.8476294875144958 0
0.8105907440185547 0
0.8474001288414001 0
0.7932794690132141 0
0.8724390864372253 0
0.846792995929718 0
0.777383029460907 0
0.8022667169570923 0
0.6630951762199402 0
0.741802453994751 0
0.8312271237373352 0
0.8080819249153137 0
0.771218478679657 0
0.6930785179138184 0
0.7907003164291382 0
0.7917536497116089 0
0.8090360760688782 0
0.8005505204200745 0
0.886216938495636 0
0.8943163156509399 0
0.8756466507911682 0
0.8936493396759033 0
0.90212482213974 0
0.9443799257278442 0
0.8923325538635254 0
0.9662764668464661 0
0.8892841935157776 0
0.869312047958374 0
0.9141885042190552 0
0.9345239400863647 0
0.8941028714179993 0
0.8776130080223083 0
0.9200539588928223 0
0.8852860331535339 0
0.8685916066169739 0
0.9089706540107727 0
0.8355530500411987 0
0.9171740412712097 0
0.8236082196235657 0
0.9561228156089783 0
0.8944292068481445 0
0.8904727697372437 0
0.9515473246574402 0
0.9428877830505371 0
0.9047793745994568 0
0.8294768333435059 0
0.8303968906402588 0
0.8779696226119995 0
0.7675555944442749 0
0.8608031272888184 0
0.9109582304954529 0
0.7651815414428711 0
0.9296804070472717 0
0.9180507659912109 0
0.8771683573722839 0
0.9490979909896851 0
0.8759678602218628 0
0.8815678954124451 0
0.8710749745368958 0
0.8747190833091736 0
0.8244599103927612 0
0.7462055087089539 0
0.8306894898414612 0
0.8863962292671204 0
0.819708526134491 0
0.8612209558486938 0
0.9341675639152527 0
0.7980863451957703 0
0.9191005229949951 0
0.8532501459121704 0
0.9120797514915466 0
0.861711323261261 0
0.8643873929977417 0
0.8904096484184265 0
0.9437775611877441 0
0.9101462960243225 0
0.8326685428619385 0
0.9174408912658691 0
0.8706720471382141 0
0.9169814586639404 0
0.8621903657913208 0
0.9316774010658264 0
0.9000160694122314 0
0.9075127243995667 0
0.8933177590370178 0
0.8375670909881592 0
0.8189638257026672 0
0.8665887713432312 0
0.7930552363395691 0
0.8881868720054626 0
0.9388271570205688 1
0.9636269807815552 1
0.8735875487327576 1
0.9798362255096436 1
0.9764443039894104 1
0.9235684871673584 1
0.9807145595550537 1
0.9741820693016052 1
0.9703767895698547 1
0.932473361492157 1
0.9659296870231628 1
0.9717753529548645 1
0.9732894897460938 1
0.9814940094947815 1
0.9639526605606079 1
0.9647800326347351 1
0.979731023311615 1
0.9687429666519165 1
0.9858426451683044 1
0.9841289520263672 1
0.9580215215682983 1
0.9778615832328796 1
0.9820578098297119 1
0.9779995083808899 1
0.9725926518440247 1
0.9566963911056519 1
0.9845760464668274 1
0.9829673767089844 1
0.9890965223312378 1
0.9604140520095825 1
1.0 1
0.9565601944923401 1
0.9595428705215454 1
0.9581484198570251 1
0.9846367835998535 1
0.9530714154243469 1
0.9741806387901306 1
0.9520514011383057 1
0.9706519246101379 1
0.9637009501457214 1
0.9655253291130066 1
0.9393311738967896 1
0.9783568382263184 1
0.2855013310909271 0
0.6445361375808716 0
0.38192513585090637 0
0.16753917932510376 0
0.20533697307109833 0
0.44392505288124084 0
0.23234796524047852 0
0.10798425227403641 0
0.07024454325437546 0
0.40565410256385803 0
0.3122309446334839 0
0.2292078733444214 0
0.33432891964912415 0
0.26135218143463135 0
0.09715596586465836 0
-0.002554310718551278 0
0.02060355432331562 0
-0.034086164087057114 0
0.005888060200959444 0
0.08416149020195007 0
0.07835987210273743 0
-0.026848794892430305 0
0.022610194981098175 0
0.03726783022284508 0
0.037641942501068115 0
0.06663797050714493 0
0.021397441625595093 0
-0.026402555406093597 0
0.03644660860300064 0
0.8229880332946777 0
0.8011361956596375 0
0.8131317496299744 0
0.7350896000862122 0
0.8133678436279297 0
0.7986955642700195 0
0.7535245418548584 0
0.8187885880470276 0
0.8621706366539001 0
0.867733895778656 0
0.7972200512886047 0
0.8684893250465393 0
0.7817420959472656 0
0.8492515087127686 0
0.7869697213172913 0
0.8776986598968506 0
0.778140664100647 0
0.8192297220230103 0
0.828227162361145 0
0.8164910078048706 0
0.8156921863555908 0
0.8241397142410278 0
0.8201378583908081 0
0.7896757125854492 0
0.7836485505104065 0
0.797999382019043 0
0.8751224279403687 0
0.7901384234428406 0
0.785589873790741 0
0.7566832304000854 0
0.7636830806732178 0
0.8419627547264099 0
0.8313918709754944 0
0.7279875874519348 0
0.7422032356262207 0
0.7006721496582031 0
0.7939727902412415 0
0.7414506077766418 0
0.847545325756073 0
0.758042573928833 0
0.7935795783996582 0
0.8279048204421997 0
0.8726881146430969 0
0.8801734447479248 0
0.7764831185340881 0
0.91912442445755 0
0.9489888548851013 0
0.8685325384140015 0
0.9355661273002625 0
0.927590012550354 0
0.8911901116371155 0
0.9031236171722412 0
0.8789594769477844 0
0.9611057639122009 0
0.9654901027679443 0
0.8768612742424011 0
0.9221986532211304 0
0.8642725944519043 0
0.8207022547721863 0
0.8737509846687317 0
0.8535333275794983 0
0.908454179763794 0
0.9261967539787292 0
0.8105064034461975 0
0.8663694858551025 0
0.8879132270812988 0
0.8871045708656311 0
0.8505672216415405 0
0.8624336123466492 0
0.8408317565917969 0
0.731330156326294 0
0.8879541754722595 0
0.7123678922653198 0
0.8415889739990234 0
0.9052057266235352 0
0.9015548229217529 0
0.8627231121063232 0
0.8498806357383728 0
0.9126631021499634 0
0.9050829410552979 0
0.9283785223960876 0
0.49369898438453674 0
0.47504323720932007 0
0.2844483554363251 0
0.446969598531723 0
0.44288110733032227 0
0.3277265429496765 0
0.33394452929496765 0
0.42271193861961365 0
0.33806923031806946 0
0.4162888526916504 0
0.3119092285633087 0
0.34959742426872253 0
0.40545594692230225 0
0.2704354524612427 0
0.4227525591850281 0
0.27243492007255554 0
0.2585200369358063 0
0.37333810329437256 0
0.39585065841674805 0
0.3699222505092621 0
0.43387722969055176 0
0.40279218554496765 0
0.29999083280563354 0
0.33062171936035156 0
0.38603779673576355 0
0.37153273820877075 0
0.4094676673412323 0
0.412069171667099 0
0.2551182508468628 0
0.2675059735774994 0
0.2734467387199402 0
0.30722853541374207 0
0.34869059920310974 0
0.23321981728076935 0
0.2664799988269806 0
0.1262371689081192 0
0.18498297035694122 0
0.18872889876365662 0
0.2508036494255066 0
0.35235831141471863 0
0.24757400155067444 0
0.1667560487985611 0
0.2725454568862915 0
0.10716117918491364 0
0.13425813615322113 0
0.2708631753921509 0
0.33538681268692017 0
0.23787268996238708 0
0.21313408017158508 0
0.18278475105762482 0
0.48218920826911926 0
0.2688765823841095 0
0.21610590815544128 0
0.11657369136810303 0
0.3591613173484802 0
0.3910891115665436 0
0.22665315866470337 0
0.5108606219291687 0
0.2964814007282257 0
0.10951973497867584 0
0.23275619745254517 0
0.1917031705379486 0
0.27756306529045105 0
0.016113055869936943 0
0.283070832490921 0
0.343117356300354 0
0.3769170939922333 0
0.20869682729244232 0
0.22663924098014832 0
0.30761435627937317 0
0.4126870334148407 0
0.22084449231624603 0
0.16252005100250244 0
0.1435408741235733 0
0.06616749614477158 0
0.25895965099334717 0
0.9230960011482239 1
0.943763792514801 1
0.9714095592498779 1
0.982822597026825 1
0.9821632504463196 1
0.9770484566688538 1
0.8734383583068848 1
0.9577851295471191 1
0.9858981370925903 1
0.9713248014450073 1
0.9580826759338379 1
0.9542784094810486 1
0.8313561677932739 1
0.9822169542312622 1
0.7113944292068481 1
0.7169597148895264 1
0.6536164879798889 1
0.6225232481956482 1
0.6063160300254822 1
0.560146152973175 1
0.6737539172172546 1
0.6140280365943909 1
0.6160382628440857 1
0.6153249144554138 1
0.6133989095687866 1
0.5640847682952881 1
0.623502254486084 1
0.604990541934967 1
0.6945257186889648 1
0.0028578820638358593 0
-0.010014382191002369 0
0.07331836223602295 0
0.13366471230983734 0
0.08681483566761017 0
-0.004199700895696878 0
0.043376170098781586 0
0.12170997262001038 0
0.06076666712760925 0
0.14011262357234955 0
0.07634449750185013 0
0.17819301784038544 0
0.012689001858234406 0
0.12601417303085327 0
0.10543669760227203 0
0.11310870200395584 0
0.014691530726850033 0
0.19833816587924957 0
0.14645184576511383 0
0.0034486246295273304 0
0.09213955700397491 0
0.044868141412734985 0
0.047593943774700165 0
-0.04641398787498474 0
0.1780015379190445 0
-0.04232058301568031 0
0.13207456469535828 0
-0.09733512252569199 0
0.20329508185386658 0
-0.013941372744739056 0
0.014830597676336765 0
0.12464094161987305 0
0.08595141023397446 0
0.17835573852062225 0
0.047544948756694794 0
0.09598077833652496 0
0.11800205707550049 0
0.15691794455051422 0
0.08508406579494476 0
0.17736344039440155 0
0.17145049571990967 0
-0.12113580107688904 0
0.16630402207374573 0
0.3209666609764099 0
0.22686243057250977 0
0.2599601447582245 0
0.129257932305336 0
0.16013161838054657 0
0.020847100764513016 0
0.25807932019233704 0
0.20117749273777008 0
0.1378755122423172 0
0.15325696766376495 0
0.15167604386806488 0
0.2554739713668823 0
0.19731655716896057 0
0.20210856199264526 0
0.26880592107772827 0
0.22758321464061737 0
0.2982044219970703 0
0.10229571908712387 0
0.14443007111549377 0
0.2356489598751068 0
0.14170008897781372 0
0.2375059425830841 0
0.18720443546772003 0
0.21451689302921295 0
0.1707322597503662 0
0.31054988503456116 0
0.21644404530525208 0
0.2965012788772583 0
0.1857389658689499 0
0.14965535700321198 0
0.33345696330070496 0
0.21074284613132477 0
0.09511139243841171 0
0.26530206203460693 0
0.22684189677238464 0
0.1898660957813263 0
0.07117481529712677 0
0.05191418528556824 0
0.166551873087883 0
0.32562512159347534 0
0.1953650563955307 0
0.30819231271743774 0
0.29663601517677307 0
0.185005784034729 0
0.22811056673526764 0
0.24863791465759277 0
0.1780714988708496 0
0.21710629761219025 0
0.23502548038959503 0
0.2410997748374939 0
0.30010083317756653 0
0.20949603617191315 0
0.13094967603683472 0
0.1424683779478073 0
0.22278816998004913 0
0.30322661995887756 0
0.25576984882354736 0
0.30424052476882935 0
0.1875915229320526 0
0.27394595742225647 0
0.23158009350299835 0
0.24128539860248566 0
0.11828015744686127 0
0.14531879127025604 0
0.3293379545211792 0
0.36743003129959106 0
0.23137220740318298 0
0.2083199918270111 0
0.323377788066864 0
0.2178889513015747 0
0.24608872830867767 0
0.028712859377264977 0
0.030457178130745888 0
0.12421976774930954 0
0.07004421949386597 0
0.04530547559261322 0
0.005911966320127249 0
0.0647965520620346 0
0.020662302151322365 0
0.05513690784573555 0
0.09020621329545975 0
0.06377524882555008 0
0.037420980632305145 0
0.08155707269906998 0
0.026871053501963615 0
-0.02836148999631405 0
0.043294813483953476 0
0.07070180028676987 0
0.023578889667987823 0
0.07691697031259537 0
0.010505340993404388 0
0.06820738315582275 0
-0.06707129627466202 0
-0.008698692545294762 0
-0.01317883376032114 0
0.09986566007137299 0
-0.03374176844954491 0
-0.03849427402019501 0
0.044881369918584824 0
0.040227245539426804 0
0.05821197107434273 0
-0.047946102917194366 0
0.23627817630767822 0
0.12766803801059723 0
0.02773144468665123 0
-0.0245183315128088 0
0.0554933026432991 0
-0.009821940213441849 0
0.03288252279162407 0
0.19840465486049652 0
0.03106028214097023 0
0.05880294367671013 0
-0.054125815629959106 0
0.5326786041259766 1
0.5662484169006348 1
0.6466746926307678 1
0.6566950082778931 1
0.6831544041633606 1
0.5887055397033691 1
0.6554317474365234 1
0.7200644612312317 1
0.6251246929168701 1
0.7134475111961365 1
0.6051778197288513 1
0.586686909198761 1
0.6504731774330139 1
0.5686371326446533 1
0.58157879114151 1
0.9747978448867798 1
0.975593626499176 1
0.9849246740341187 1
0.9731003642082214 1
0.9927082657814026 1
0.9745615124702454 1
0.9817842245101929 1
0.9851800799369812 1
0.9470779895782471 1
0.9549931287765503 1
0.9857252836227417 1
0.9800595641136169 1
0.9775715470314026 1
0.990354061126709 1
-0.050038013607263565 0
