0.976318895816803 1
0.9909273982048035 1
0.9898015260696411 1
0.9939988255500793 1
0.9744157791137695 1
0.9542170166969299 1
0.9721176028251648 1
0.9751575589179993 1
0.9961403608322144 1
0.988966703414917 1
0.9775274395942688 1
0.9785371422767639 1
0.9957500696182251 1
0.9877085089683533 1
0.9800318479537964 1
0.972891092300415 1
0.9627726674079895 1
0.9883342981338501 1
0.9890219569206238 1
0.9871071577072144 1
0.9859902262687683 1
0.9528972506523132 1
0.9819022417068481 1
0.9896885752677917 1
0.9843837022781372 1
0.9759162068367004 1
0.9878077507019043 1
0.9674611687660217 1
0.9694323539733887 1
0.973542332649231 1
0.9894022345542908 1
0.981005847454071 1
0.9931777715682983 1
0.9789230823516846 1
0.982828676700592 1
0.9728719592094421 1
0.9926177859306335 1
0.9882078766822815 1
0.9912652969360352 1
0.9673833847045898 1
0.9836581945419312 1
0.9765179753303528 1
0.8485061526298523 0
0.8633028268814087 0
0.8538734316825867 0
0.8407317399978638 0
0.8321934938430786 0
0.7912733554840088 0
0.8131118416786194 0
0.8746652007102966 0
0.8602210879325867 0
0.8517814874649048 0
0.8585713505744934 0
0.8432291150093079 0
0.8973053097724915 0
0.8933489322662354 0
0.8969478607177734 0
0.849948525428772 0
0.7992561459541321 0
0.8344516158103943 0
0.8157638907432556 0
0.8007198572158813 0
0.8066704869270325 0
0.8531135320663452 0
0.7862133979797363 0
0.7535089254379272 0
0.8416232466697693 0
0.7285595536231995 0
0.7954607009887695 0
0.7717114686965942 0
0.737419605255127 0
0.8653362393379211 0
0.7434200644493103 0
0.8474491834640503 0
0.7770231366157532 0
0.8852217793464661 0
0.8247562646865845 0
0.8466829061508179 0
0.8957246541976929 0
0.9109473824501038 0
0.8943628072738647 0
0.848522424697876 0
0.7619881629943848 0
0.7083987593650818 0
0.9021956324577332 0
0.8705892562866211 0
0.8915145993232727 0
0.836581289768219 0
0.8129451870918274 0
0.905147135257721 0
0.8947644829750061 0
0.8774345517158508 0
0.8339725732803345 0
0.8155069351196289 0
0.763512909412384 0
0.8970186710357666 0
0.9409044981002808 0
0.9526901841163635 0
0.8758730888366699 0
0.8609325885772705 0
0.8788154721260071 0
0.8221484422683716 0
0.7624779939651489 0
0.8125264644622803 0
0.872921884059906 0
0.8208847045898438 0
0.9113288521766663 0
0.828059732913971 0
0.8439961075782776 0
0.8352158665657043 0
0.8428517580032349 0
0.9012123942375183 0
0.8408521413803101 0
0.860742449760437 0
0.9297798871994019 0
0.9382084012031555 0
0.9413084983825684 0
0.9327923059463501 0
0.9014104604721069 0
0.8725545406341553 0
0.9264472126960754 0
0.9101129770278931 0
0.9466975331306458 0
0.9333018660545349 0
0.9333651065826416 0
0.8768946528434753 0
0.8638901114463806 0
0.8524323105812073 0
0.8440345525741577 0
0.8803984522819519 0
0.9260775446891785 0
0.948494017124176 0
0.8783648610115051 0
0.8942633271217346 0
0.9245327115058899 0
0.8951525092124939 0
0.9472801089286804 0
0.9637826681137085 0
0.9335456490516663 0
0.9175352454185486 0
0.9053059220314026 0
0.9359487891197205 0
0.9559478163719177 0
0.889256477355957 0
0.9642731547355652 0
0.9426243305206299 0
0.8788095712661743 0
0.9531336426734924 0
0.9679536819458008 0
0.9136658906936646 0
0.9254340529441833 0
0.9339740872383118 0
0.9506452083587646 0
0.9071717858314514 0
0.907231867313385 0
0.9613625407218933 0
0.48659420013427734 0
0.36956170201301575 0
0.22935625910758972 0
0.3789416253566742 0
0.32504206895828247 0
0.469582200050354 0
0.1689203381538391 0
0.3615748882293701 0
0.46706587076187134 0
0.48736509680747986 0
0.6081798076629639 0
0.5489255785942078 0
0.5579632520675659 0
0.4940984547138214 0
0.6210201382637024 0
0.39653536677360535 0
0.4147112965583801 0
0.3033028244972229 0
0.28581032156944275 0
0.3432566523551941 0
0.28061559796333313 0
0.23594430088996887 0
0.3763861060142517 0
0.2781737148761749 0
0.23998545110225677 0
0.23603713512420654 0
0.3173460364341736 0
0.24484951794147491 0
0.47441530227661133 0
0.9689396023750305 1
0.994172215461731 1
0.9809079170227051 1
0.9902204871177673 1
0.9805240035057068 1
0.9754855632781982 1
0.9648991227149963 1
0.8922348022460938 1
0.9942696690559387 1
0.9920872449874878 1
0.898115873336792 1
0.9948652386665344 1
0.9963911771774292 1
0.9677314758300781 1
0.9860454201698303 1
0.990139365196228 1
0.9772195219993591 1
0.9635816216468811 1
0.9816388487815857 1
0.9348969459533691 1
0.980754554271698 1
0.9931983351707458 1
0.944074273109436 1
0.994399905204773 1
0.9700480699539185 1
0.987454891204834 1
0.9912931323051453 1
0.9432651996612549 1
0.9758840203285217 1
0.951478123664856 1
0.976288378238678 1
0.951256513595581 1
0.9833557605743408 1
0.9629924297332764 1
0.9198865294456482 1
0.9801711440086365 1
0.9859021306037903 1
0.9881291389465332 1
0.9732282161712646 1
0.9685845971107483 1
0.9819179177284241 1
0.9667282700538635 1
0.9717786908149719 1
0.8244293928146362 0
0.7876295447349548 0
0.909815788269043 0
0.8378319144248962 0
0.8640616536140442 0
0.803633987903595 0
0.8248679637908936 0
0.7836504578590393 0
0.8504275679588318 0
0.8539644479751587 0
0.8634476065635681 0
0.8620339035987854 0
0.8133107423782349 0
0.8387885689735413 0
0.8717241287231445 0
0.8506007790565491 0
0.802550733089447 0
0.7323038578033447 0
0.7257010340690613 0
0.9029969573020935 0
0.8420390486717224 0
0.8247100114822388 0
0.8005994558334351 0
0.7520207762718201 0
0.8543845415115356 0
0.7520024180412292 0
0.8068215250968933 0
0.9104397296905518 0
0.7879490256309509 0
0.8194785714149475 0
0.8364194631576538 0
0.8974863886833191 0
0.817682683467865 0
0.8675575852394104 0
0.8524459600448608 0
0.8465402126312256 0
0.8859119415283203 0
0.7834619879722595 0
0.9096534848213196 0
0.7876967787742615 0
0.9078865051269531 0
0.912456750869751 0
0.8951855301856995 0
0.8591509461402893 0
0.8327392935752869 0
0.8484410047531128 0
0.8223995566368103 0
0.8827382326126099 0
0.9080212116241455 0
0.8666384816169739 0
0.901973307132721 0
0.898250162601471 0
0.8563090562820435 0
0.9006584882736206 0
0.7939288020133972 0
0.8978354930877686 0
0.926716148853302 0
0.8673197031021118 0
0.862659215927124 0
0.8624927401542664 0
0.9258608222007751 0
0.8611788749694824 0
0.8614145517349243 0
0.8533710241317749 0
0.9193017482757568 0
0.8987504839897156 0
0.8385977149009705 0
0.8952777981758118 0
0.8617804050445557 0
0.858215868473053 0
0.8873435854911804 0
0.9072446823120117 0
0.9211899638175964 0
0.9566318392753601 0
0.8856897950172424 0
0.9441568851470947 0
0.8750799894332886 0
0.9584974050521851 0
0.9260126352310181 0
0.9547726511955261 0
0.9539037942886353 0
0.9455898404121399 0
0.9629477858543396 0
0.9188907742500305 0
0.9666410684585571 0
0.9129544496536255 0
0.9630050659179688 0
0.8520087599754333 0
0.9574611783027649 0
0.9242314696311951 0
0.8087168335914612 0
0.8902502059936523 0
0.9063629508018494 0
0.9365648627281189 0
0.9621586203575134 0
0.9469616413116455 0
0.8631389141082764 0
0.9001933932304382 0
0.8911757469177246 0
0.9211599826812744 0
0.9114420413970947 0
0.891169011592865 0
0.9500179290771484 0
0.839867353439331 0
0.8988497257232666 0
0.886913537979126 0
0.9200273752212524 0
0.9325643181800842 0
0.7865645885467529 0
0.914530336856842 0
0.6209120154380798 0
0.970403254032135 0
0.9771814346313477 0
0.946831464767456 0
0.47220224142074585 0
0.282233864068985 0
0.44631755352020264 0
0.3414851427078247 0
0.5729976296424866 0
0.5841806530952454 0
0.43284544348716736 0
0.4843173027038574 0
0.466794490814209 0
0.5497910976409912 0
0.5389285087585449 0
0.6207468509674072 0
0.627208948135376 0
0.530590295791626 0
0.6001414060592651 0
0.28041043877601624 0
0.32515713572502136 0
0.43508410453796387 0
0.270376980304718 0
0.2552114427089691 0
0.30749228596687317 0
0.16941547393798828 0
0.3031121790409088 0
0.1913137435913086 0
0.15854300558567047 0
0.224951833486557 0
0.26443731784820557 0
0.2782113552093506 0
0.06835536658763885 0
0.9901869297027588 1
0.981961727142334 1
0.9835489988327026 1
0.949120819568634 1
0.9386362433433533 1
0.9084300398826599 1
0.961387038230896 1
0.9679883122444153 1
0.9683784246444702 1
0.9755143523216248 1
0.9909694790840149 1
0.978078305721283 1
0.9643034338951111 1
0.9929705858230591 1
0.9485673904418945 1
0.9844582080841064 1
0.9632498025894165 1
0.9870786070823669 1
0.9495307207107544 1
0.9860177636146545 1
0.9865899085998535 1
0.9947327971458435 1
0.9679738879203796 1
0.9561157822608948 1
0.9784967303276062 1
0.9788880944252014 1
0.9590454697608948 1
0.976101279258728 1
0.9506368637084961 1
0.9831442832946777 1
0.9753984212875366 1
0.9671837687492371 1
0.9931541085243225 1
0.9752762317657471 1
0.9644949436187744 1
0.960106611251831 1
0.990113377571106 1
0.9829277396202087 1
0.9977028369903564 1
0.9920015931129456 1
0.9888036251068115 1
0.9716143012046814 1
0.8460125923156738 0
0.8265776038169861 0
0.8516052961349487 0
0.899077832698822 0
0.8130562901496887 0
0.91536545753479 0
0.8392717242240906 0
0.9109252095222473 0
0.8110939860343933 0
0.7869201898574829 0
0.9914035201072693 1
0.9703789949417114 1
0.9524897336959839 1
0.9415068030357361 1
0.9569981694221497 1
0.9563945531845093 1
0.9936509132385254 1
0.9809911847114563 1
0.9662618637084961 1
0.9925906658172607 1
0.9668485522270203 1
0.9675729870796204 1
0.9863176345825195 1
0.9782946109771729 1
0.9463613629341125 1
0.973713219165802 1
0.9744662642478943 1
0.9715302586555481 1
0.9684951305389404 1
0.9858535528182983 1
0.987213134765625 1
0.9917882084846497 1
0.973896324634552 1
0.9791158437728882 1
0.9788883328437805 1
0.9755996465682983 1
0.9906474351882935 1
0.9954310059547424 1
0.9631730914115906 1
0.9797297716140747 1
0.9924060106277466 1
0.95093834400177 1
0.9402593970298767 0
0.8971505761146545 0
0.8863104581832886 0
0.937073290348053 0
0.9642158150672913 0
0.9122523665428162 0
0.9114751219749451 0
0.9322394132614136 0
0.9382269978523254 0
0.9425137639045715 0
0.9099107980728149 0
0.9425548315048218 0
0.9414993524551392 0
0.9115639925003052 0
0.9050357937812805 0
0.9551365375518799 0
0.9079588651657104 0
0.9396299719810486 0
0.9328528642654419 0
0.962189257144928 0
0.899381697177887 0
0.8611990213394165 0
0.9266377687454224 0
0.9032385349273682 0
0.9104626774787903 0
0.8695148825645447 0
0.9495454430580139 0
0.8828147053718567 0
0.9406312704086304 0
0.9220066666603088 0
0.930479884147644 0
0.918501615524292 0
0.8690482974052429 0
0.9531594514846802 0
0.8471989631652832 0
0.9270877242088318 0
0.8720505237579346 0
0.8639581799507141 0
0.9084375500679016 0
0.9456595778465271 0
0.9324492812156677 0
0.8937588334083557 0
0.8996195793151855 0
0.8289947509765625 0
0.9319632649421692 0
0.9381630420684814 0
0.9469875693321228 0
0.8875609636306763 0
0.9585691690444946 0
0.9188094735145569 0
0.9331681132316589 0
0.9108957648277283 0
0.9259093999862671 0
0.976578950881958 0
0.931795597076416 0
0.9138602018356323 0
0.9281525611877441 0
0.9448986649513245 0
0.928916335105896 0
0.8282694816589355 0
0.9208264946937561 0
0.9170319437980652 0
0.8811986446380615 0
0.8546611666679382 0
0.9019712209701538 0
0.9228553175926208 0
0.9295085072517395 0
0.883672297000885 0
0.9467811584472656 0
0.970524251461029 0
0.8934397101402283 0
0.9383470416069031 0
0.8960613012313843 0
0.6611008048057556 0
0.6429284811019897 0
0.7099002599716187 0
0.7269582748413086 0
0.7092351913452148 0
0.8648863434791565 0
0.8318557143211365 0
0.7617397308349609 0
0.7484631538391113 0
0.8553433418273926 0
0.8798234462738037 0
0.8746889233589172 0
0.8243860602378845 0
0.8345808982849121 0
0.5988338589668274 0
0.5670252442359924 0
0.6103890538215637 0
0.5745680332183838 0
0.6391779780387878 0
0.5377491116523743 0
0.5922203660011292 0
0.6428554058074951 0
0.6498356461524963 0
0.566119909286499 0
0.6444405317306519 0
0.6173924803733826 0
0.6694891452789307 0
0.6466034054756165 0
0.5897349119186401 0
0.8294973969459534 0
0.8867911100387573 0
0.7769899964332581 0
0.8329489231109619 0
0.838111937046051 0
0.8260738849639893 0
0.8518316149711609 0
0.9272819757461548 0
0.783446729183197 0
0.8995285630226135 0
0.8562437891960144 0
0.8551411628723145 0
0.8014891147613525 0
0.9123361706733704 0
0.7769251465797424 0
0.8950343132019043 0
0.8866090774536133 0
0.8228297829627991 0
0.8645233511924744 0
0.7514967322349548 0
0.8340567946434021 0
0.8722923994064331 0
0.8568077683448792 0
0.7843310832977295 0
0.7633345127105713 0
0.8549705743789673 0
0.9153177738189697 0
0.8301224708557129 0
0.8293201923370361 0
0.8057591319084167 0
0.8196213245391846 0
0.871418833732605 0
0.8583571910858154 0
0.7385132312774658 0
0.7858573198318481 0
0.7866156697273254 0
0.7979114651679993 0
0.7206605672836304 0
0.7897430062294006 0
0.7938715815544128 0
0.8535493016242981 0
0.8869540691375732 0
0.9823542833328247 1
0.946962296962738 1
0.9639173746109009 1
0.9759652018547058 1
0.982992947101593 1
0.9841337203979492 1
0.9860941171646118 1
0.9892457127571106 1
0.9534081220626831 1
0.9712899923324585 1
0.9722246527671814 1
0.9668503403663635 1
0.9684038162231445 1
0.9731292128562927 1
0.9577794075012207 1
0.9774337410926819 1
0.9677090644836426 1
0.992894172668457 1
0.9152774214744568 1
0.9924157857894897 1
0.985007107257843 1
0.9797943830490112 1
0.9654701352119446 1
0.981145977973938 1
0.9760372042655945 1
0.9053508043289185 1
0.9617544412612915 1
0.9721990823745728 1
0.9707599878311157 1
0.9650089144706726 1
0.9655004739761353 1
0.9877671003341675 1
0.9631698727607727 1
0.9615596532821655 1
0.9902627468109131 1
0.9735748767852783 1
0.9556049704551697 1
0.9842832684516907 1
0.9737673997879028 1
0.9734291434288025 1
0.9894201159477234 1
0.9583612680435181 1
0.9298120737075806 0
0.9324557781219482 0
0.9623177647590637 0
0.9584824442863464 0
0.9514561295509338 0
0.9102718830108643 0
0.878010094165802 0
0.8984867334365845 0
0.9032639265060425 0
0.9530562162399292 0
0.8916125893592834 0
0.961868405342102 0
0.95411616563797 0
0.9365985989570618 0
0.9439077973365784 0
0.9536839723587036 0
0.9290230870246887 0
0.9137574434280396 0
0.9546083807945251 0
0.8835123777389526 0
0.8908672332763672 0
0.8572742342948914 0
0.9489431381225586 0
0.9485317468643188 0
0.9270287156105042 0
0.9770708680152893 0
0.9180455207824707 0
0.9350031614303589 0
0.8885601162910461 0
0.9611505270004272 0
0.9096996784210205 0
0.9044064879417419 0
0.936275064945221 0
0.8810080885887146 0
0.9373489022254944 0
0.938241183757782 0
0.8940402865409851 0
0.9397934079170227 0
0.9523778557777405 0
0.9417291283607483 0
0.9622858762741089 0
0.8341005444526672 0
0.8741064071655273 0
0.9441457390785217 0
0.8537895083427429 0
0.9434840083122253 0
0.8696920275688171 0
0.8800340890884399 0
0.9197967648506165 0
0.8788098096847534 0
0.9014643430709839 0
0.8356148600578308 0
0.922978401184082 0
0.9047285318374634 0
0.9088257551193237 0
0.8702743649482727 0
0.9036940932273865 0
0.9294276237487793 0
0.8311197757720947 0
0.8590466380119324 0
0.9649869203567505 0
0.9417189955711365 0
0.9302448630332947 0
0.8576276898384094 0
0.9410852193832397 0
0.9022698402404785 0
0.9171209335327148 0
0.9480301737785339 0
0.8763338327407837 0
0.8327372074127197 0
0.7876509428024292 0
0.8397483825683594 0
0.8989115357398987 0
0.8564416170120239 0
0.7209713459014893 0
0.7835440039634705 0
0.8169973492622375 0
0.817487359046936 0
0.8093244433403015 0
0.7593573927879333 0
0.7561520338058472 0
0.8187079429626465 0
0.8020243048667908 0
0.8317664265632629 0
0.8763073682785034 0
0.8110054135322571 0
0.8361173868179321 0
0.5702474117279053 0
0.6684291958808899 0
0.6401257514953613 0
0.6286374926567078 0
0.6152662038803101 0
0.5631164312362671 0
0.602600634098053 0
0.6844722628593445 0
0.5978455543518066 0
0.6505317091941833 0
0.6712285280227661 0
0.7499052882194519 0
0.6383122205734253 0
0.6396654844284058 0
0.6361563205718994 0
0.7819845080375671 0
0.8028036952018738 0
0.8490223288536072 0
0.7719113826751709 0
0.8178399801254272 0
0.7955602407455444 0
0.8707475066184998 0
0.8323618173599243 0
0.8243836760520935 0
0.7937074303627014 0
0.8526828289031982 0
0.8352180123329163 0
0.7287388443946838 0
0.8165420889854431 0
0.7705462574958801 0
0.8765000104904175 0
0.8411397933959961 0
0.9236689209938049 0
0.8646478652954102 0
0.8570312261581421 0
0.8986281156539917 0
0.8684346079826355 0
0.8251231908798218 0
0.8464316129684448 0
0.8593350648880005 0
0.821176290512085 0
0.9590446949005127 0
0.7923455834388733 0
0.9327841997146606 0
0.8785392642021179 0
0.8861169219017029 0
0.8012370467185974 0
0.8643955588340759 0
0.6260647773742676 0
0.8222062587738037 0
0.7917014360427856 0
0.929509162902832 0
0.8585443496704102 0
0.85453861951828 0
0.9207385778427124 0
0.8474679589271545 0
0.8748384118080139 0
0.957580029964447 1
0.9791818261146545 1
0.9751028418540955 1
0.9831973314285278 1
0.9812663197517395 1
0.9727219939231873 1
0.9708969593048096 1
0.9736139178276062 1
0.9781240224838257 1
0.9776425361633301 1
0.9537660479545593 1
0.9892908334732056 1
0.9888733625411987 1
0.9869866371154785 1
0.9589866995811462 1
0.9625195860862732 1
0.9662235379219055 1
0.9901573657989502 1
0.980084240436554 1
0.9780085682868958 1
0.956043541431427 1
0.9736487865447998 1
0.958380937576294 1
0.9742528796195984 1
0.9765424132347107 1
0.9772650003433228 1
0.9574929475784302 1
0.9730110168457031 1
0.9680641293525696 1
0.9759069085121155 1
0.9883849620819092 1
0.9331639409065247 1
0.9708535671234131 1
0.983808159828186 1
0.975797176361084 1
0.9700089693069458 1
0.9880461692810059 1
0.981322705745697 1
0.9788239002227783 1
0.9878089427947998 1
0.9676346182823181 1
0.9876860976219177 1
0.9505701661109924 0
0.9001820087432861 0
0.8942406177520752 0
0.8840841054916382 0
0.9722908735275269 0
0.920049786567688 0
0.9266190528869629 0
0.9203429818153381 0
0.9090009927749634 0
0.9509685635566711 0
0.9371413588523865 0
0.9645640254020691 0
0.9379792213439941 0
0.8894982933998108 0
0.909413754940033 0
0.9908474683761597 1
0.9928954243659973 1
0.980611264705658 1
0.9857062101364136 1
0.9822929501533508 1
0.9666605591773987 1
0.9751273393630981 1
0.957054853439331 1
0.9918586611747742 1
0.9881079792976379 1
0.9867992401123047 1
0.9863137006759644 1
0.9750068187713623 1
0.9872891902923584 1
0.9897316694259644 1
0.9214200377464294 0
0.9554551839828491 0
0.9735047221183777 0
0.9685236215591431 0
0.9515453577041626 0
0.972113311290741 0
0.9766888618469238 0
0.9599279761314392 0
0.9590285420417786 0
0.9831796884536743 0
0.973791778087616 0
0.9714654088020325 0
0.9839786887168884 0
0.9776081442832947 0
0.961390495300293 0
0.9477255940437317 0
0.9754714965820312 0
0.9784857034683228 0
0.9765439629554749 0
0.9602023363113403 0
0.9669382572174072 0
0.9734434485435486 0
0.9539878368377686 0
0.9699625968933105 0
0.9685799479484558 0
0.9282151460647583 0
0.9574340581893921 0
0.9765386581420898 0
0.9164998531341553 0
0.9340489506721497 0
0.9480890035629272 0
0.861004114151001 0
0.9561579823493958 0
0.9478588700294495 0
0.9651401042938232 0
0.9571637511253357 0
0.9849826097488403 0
0.9762165546417236 0
0.9515170454978943 0
0.9502704739570618 0
0.9636184573173523 0
0.9554862976074219 0
0.6092739105224609 0
0.5376872420310974 0
0.5327441096305847 0
0.49379897117614746 0
0.555557906627655 0
0.6563668251037598 0
0.7139313220977783 0
0.6649308204650879 0
0.6063767075538635 0
0.6490340828895569 0
0.7361724972724915 0
0.754907488822937 0
0.6936804056167603 0
0.7868120074272156 0
0.6407089233398438 0
0.39769357442855835 0
0.555123507976532 0
0.4556596577167511 0
0.3579859733581543 0
0.416504830121994 0
0.3933716416358948 0
0.44538912177085876 0
0.49763190746307373 0
0.33606430888175964 0
0.5091626644134521 0
0.4007692039012909 0
0.5129055380821228 0
0.46226903796195984 0
0.49595949053764343 0
0.8782370686531067 0
0.8694930076599121 0
0.8381285071372986 0
0.8264098763465881 0
0.858096718788147 0
0.8529956936836243 0
0.7739756107330322 0
0.8349924087524414 0
0.8827357888221741 0
0.9066526293754578 0
0.8901313543319702 0
0.8781323432922363 0
0.9139434099197388 0
0.8973284363746643 0
0.8820236325263977 0
0.884900689125061 0
0.895577609539032 0
0.9534257054328918 0
0.83981853723526 0
0.8143632411956787 0
0.8740464448928833 0
0.8598853349685669 0
0.8981777429580688 0
0.8970063924789429 0
0.8759243488311768 0
0.8558579683303833 0
0.9038315415382385 0
0.9141207337379456 0
0.8381091952323914 0
0.8351051211357117 0
0.8438867926597595 0
0.8934311866760254 0
0.8323934078216553 0
0.8867248892784119 0
0.9453447461128235 0
0.9095127582550049 0
0.842353105545044 0
0.8145517706871033 0
0.8694196343421936 0
0.897555947303772 0
0.9111161828041077 0
0.8927399516105652 0
0.955305278301239 0
0.8856500387191772 0
0.893743097782135 0
0.9367840886116028 0
0.8706660866737366 0
0.9281884431838989 0
0.8596070408821106 0
0.9290955662727356 0
0.9115684032440186 0
0.9215205907821655 0
0.9346300959587097 0
0.9080477952957153 0
0.9357642531394958 0
0.8918766379356384 0
0.9269205331802368 0
0.9457957148551941 0
0.9422369003295898 0
0.9337582588195801 0
0.9339303970336914 0
0.9553462266921997 0
0.8890769481658936 0
0.8937423229217529 0
0.9132956862449646 0
0.9103092551231384 0
0.8958244919776917 0
0.9358528256416321 0
0.9323081374168396 0
0.9277784824371338 0
0.8629358410835266 0
0.8905943632125854 0
0.9025020003318787 0
0.9185653328895569 0
0.9135802388191223 0
0.907099187374115 0
0.9396428465843201 0
0.8718417286872864 0
0.8923195004463196 0
0.9532041549682617 0
0.9509684443473816 0
0.9298989176750183 0
0.9257351160049438 0
0.8987061977386475 0
0.9042608141899109 0
0.9816489219665527 1
0.9804757237434387 1
0.9848282933235168 1
0.9739657044410706 1
0.9947358965873718 1
0.9899319410324097 1
0.9930303692817688 1
0.9848999977111816 1
0.9910848140716553 1
0.9911662340164185 1
0.9926953315734863 1
0.9695908427238464 1
0.9722605347633362 1
0.9739518761634827 1
0.9888816475868225 1
0.9849798679351807 1
0.9839682579040527 1
0.9748281240463257 1
0.9945357441902161 1
0.9845955967903137 1
0.9919506907463074 1
0.9894288778305054 1
0.9753237366676331 1
0.9931724071502686 1
0.9839729070663452 1
0.991611897945404 1
0.9895524382591248 1
0.9961714148521423 1
0.9879145622253418 1
0.9913935661315918 1
0.9578421711921692 0
0.9118949174880981 0
0.9765169024467468 0
0.9494168758392334 0
0.9722083210945129 0
0.9826239347457886 0
0.9808698892593384 0
0.9749544858932495 0
0.9602811336517334 0
0.9621118307113647 0
0.9637136459350586 0
0.9801945090293884 0
0.9554976224899292 0
0.9357612729072571 0
0.9654142260551453 0
0.9675155282020569 0
0.9703343510627747 0
0.957685649394989 0
0.9781995415687561 0
0.9808536171913147 0
0.9657944440841675 0
0.9835056662559509 0
0.9875343441963196 0
0.9600484371185303 0
0.9801995158195496 0
0.9771842956542969 0
0.9723039269447327 0
0.9674081206321716 0
0.9734706878662109 0
0.9750699400901794 0
0.9801211357116699 0
0.9729838371276855 0
0.9617544412612915 0
0.9512866735458374 0
0.9167245030403137 0
0.9601874947547913 0
0.9725472927093506 0
0.9626093506813049 0
0.9504099488258362 0
0.9378767609596252 0
0.9746596217155457 0
0.9726123809814453 0
0.6834385991096497 0
0.644632875919342 0
0.522111713886261 0
0.7425840497016907 0
0.6138700842857361 0
0.7918019890785217 0
0.5067474246025085 0
0.5798072814941406 0
0.6318292617797852 0
0.6588090658187866 0
0.7421502470970154 0
0.797842800617218 0
0.7050060629844666 0
0.7006925344467163 0
0.7594294548034668 0
0.41662827134132385 0
0.4295908808708191 0
0.545840322971344 0
0.5467373132705688 0
0.5413206219673157 0
0.5411134958267212 0
0.47085991501808167 0
0.4257800281047821 0
0.4614698588848114 0
0.47684189677238464 0
0.5348860621452332 0
0.47436654567718506 0
0.4204414188861847 0
0.5019895434379578 0
0.8539448976516724 0
0.8459381461143494 0
0.8531798720359802 0
0.787319540977478 0
0.8463890552520752 0
0.855491042137146 0
0.8723997473716736 0
0.7772495150566101 0
0.850916862487793 0
0.7986889481544495 0
0.7694018483161926 0
0.8744512796401978 0
0.9081645011901855 0
0.8326098322868347 0
0.8969473838806152 0
0.8756409287452698 0
0.8252134919166565 0
0.8734524846076965 0
0.9027843475341797 0
0.9026763439178467 0
0.9003995656967163 0
0.93492591381073 0
0.8286290168762207 0
0.8736991286277771 0
0.856025755405426 0
0.8783074021339417 0
0.8832947611808777 0
0.8255318403244019 0
0.7719542980194092 0
0.9374118447303772 0
0.9008304476737976 0
0.9530860781669617 0
0.9639948606491089 0
0.9113430380821228 0
0.9637854695320129 0
0.9607992172241211 0
0.9423261284828186 0
0.9075706005096436 0
0.9227029085159302 0
0.8973833918571472 0
0.897327184677124 0
0.8543186783790588 0
0.9202467203140259 0
0.9232907295227051 0
0.8800584077835083 0
0.9679925441741943 0
0.9223315119743347 0
0.9152790904045105 0
0.9034136533737183 0
0.8606623411178589 0
0.8675582408905029 0
0.9215788245201111 0
0.8710877895355225 0
0.9513037204742432 0
0.9564068913459778 0
0.8721840381622314 0
0.9241956472396851 0
0.9422280192375183 0
0.9594231247901917 0
0.9037002921104431 0
0.8707154989242554 0
0.8435259461402893 0
0.9606767296791077 0
0.8887500166893005 0
0.9643126726150513 0
0.9201787710189819 0
0.7412359118461609 0
0.87517249584198 0
0.9115108251571655 0
0.8095303177833557 0
0.9010850191116333 0
0.8416032791137695 0
0.9394174814224243 0
0.9375510215759277 0
0.9569428563117981 0
0.9009289145469666 0
0.9575860500335693 0
0.8820594549179077 0
0.9630443453788757 0
0.9635251760482788 0
0.9420768022537231 0
0.9619280099868774 0
0.9365177154541016 0
0.9367440938949585 0
0.969940185546875 0
0.9757871031761169 0
0.9721872210502625 0
0.9611021280288696 0
0.9599189758300781 0
0.9527233242988586 0
0.9649153351783752 0
0.9726184010505676 0
0.9671072363853455 0
0.9661635756492615 0
0.9570177793502808 0
0.9731329083442688 0
0.986568808555603 0
0.9730938673019409 0
0.9752027988433838 0
0.9729765057563782 0
0.9419515132904053 0
0.949289083480835 0
0.9863699078559875 0
0.9646538496017456 0
0.9771740436553955 0
0.9780039191246033 0
0.9776639938354492 0
0.9889501333236694 0
0.9289271235466003 0
0.9748943448066711 0
0.9615229368209839 0
0.9707412719726562 0
0.973748505115509 0
0.9515097141265869 0
0.9392176866531372 0
0.9875394701957703 1
0.983300507068634 1
0.9869051575660706 1
0.9664071798324585 1
0.9944499731063843 1
0.986774742603302 1
0.9903882741928101 1
0.9701197147369385 1
0.966187596321106 1
0.9665678143501282 1
0.9886544942855835 1
0.9840635657310486 1
0.9878250956535339 1
0.9907507300376892 1
0.986127495765686 1
0.9918320178985596 1
0.9933149814605713 1
0.9925805330276489 1
0.9384506940841675 1
0.9806820750236511 1
0.9947022199630737 1
0.9853029251098633 1
0.99433833360672 1
0.9895648956298828 1
0.9926245212554932 1
0.9908947944641113 1
0.9405829906463623 1
0.9918642044067383 1
0.9982732534408569 1
0.9934917092323303 1
0.9620081186294556 1
0.989349901676178 1
0.9888710379600525 1
0.9867855906486511 1
0.9808208346366882 1
0.994547426700592 1
0.9889169931411743 1
0.9905892610549927 1
0.9736904501914978 1
0.9875139594078064 1
0.9860796928405762 1
0.9698070883750916 1
0.5516430735588074 0
0.4388614296913147 0
0.6451297402381897 0
0.4923458695411682 0
0.655959963798523 0
0.7899330854415894 0
0.6426762938499451 0
0.5597705841064453 0
0.6254922151565552 0
0.6919485330581665 0
0.6777836680412292 0
0.5657691359519958 0
0.6537112593650818 0
0.5469000339508057 0
0.689440906047821 0
0.3011632561683655 0
0.54518061876297 0
0.33453369140625 0
0.3420642018318176 0
0.4802306890487671 0
0.4572495222091675 0
0.30408069491386414 0
0.3503868281841278 0
0.5329346060752869 0
0.337272047996521 0
0.3760794699192047 0
0.2991980016231537 0
0.38358578085899353 0
0.23093338310718536 0
0.9120157361030579 0
0.9072887897491455 0
0.9329378604888916 0
0.9365439414978027 0
0.9234343767166138 0
0.95125812292099 0
0.8951884508132935 0
0.8669928908348083 0
0.939787745475769 0
0.8635895848274231 0
0.9192052483558655 0
0.9214664697647095 0
0.9299074411392212 0
0.9020352959632874 0
0.9704253077507019 0
0.8781576156616211 0
0.9513171315193176 0
0.9038000106811523 0
0.9580983519554138 0
0.9346157312393188 0
0.9280855655670166 0
0.910435676574707 0
0.9590140581130981 0
0.8760254383087158 0
0.9122217297554016 0
0.9120385646820068 0
0.9591624140739441 0
0.8937581777572632 0
0.9625462889671326 0
0.8997542262077332 0
0.8572906851768494 0
0.9583418965339661 0
0.8513779044151306 0
0.9051417112350464 0
0.9485491514205933 0
0.9022383689880371 0
0.9352918863296509 0
0.8243382573127747 0
0.8993855714797974 0
0.937766969203949 0
0.925643801689148 0
0.9601240754127502 0
0.8919722437858582 0
0.9177178144454956 0
0.8697598576545715 0
0.888978898525238 0
0.9109843373298645 0
0.9274829030036926 0
0.9373385906219482 0
0.9534526467323303 0
0.9091833829879761 0
0.9194534420967102 0
0.9637136459350586 0
0.9483475685119629 0
0.9385756850242615 0
0.9073520302772522 0
0.9596130847930908 0
0.8852418661117554 0
0.9065669775009155 0
0.8877196311950684 0
0.8624003529548645 0
0.886376678943634 0
0.7398918867111206 0
0.9710918664932251 0
0.942419171333313 0
0.93365079164505 0
0.9758996367454529 0
0.9172117114067078 0
0.9259306788444519 0
0.8882583379745483 0
0.8673967719078064 0
0.8383104205131531 0
0.8179745674133301 0
0.8873541355133057 0
0.9517349004745483 0
0.9339931607246399 0
0.9354381561279297 0
0.949668288230896 0
0.8985339403152466 0
0.9614883661270142 0
0.8813685774803162 0
0.9196996688842773 0
0.9129408597946167 0
0.8750066161155701 0
0.963979959487915 0
0.9627136588096619 0
0.9453730583190918 0
0.9725261330604553 0
0.9679164886474609 0
0.969734787940979 0
0.9648603796958923 0
0.9582000970840454 0
0.9810283184051514 0
0.9722626209259033 0
0.9718503952026367 0
0.9758490920066833 0
0.9609827995300293 0
0.9826949238777161 0
0.9746031761169434 0
0.9607047438621521 0
0.961704432964325 0
0.9627423882484436 0
0.9317041635513306 0
0.9187445044517517 0
0.9401615858078003 0
0.9752114415168762 0
0.9857118129730225 0
0.9667254686355591 0
0.9790962338447571 0
0.966290295124054 0
0.9491220712661743 0
0.9652045965194702 0
0.9462242722511292 0
0.9296419024467468 0
0.9928884506225586 1
0.9903677701950073 1
0.9593230485916138 1
0.9932631254196167 1
0.9845374822616577 1
0.9793673157691956 1
0.9938001036643982 1
0.9959843754768372 1
0.987855076789856 1
0.9747412204742432 1
0.9852170944213867 1
0.9912267327308655 1
0.9848964810371399 1
0.9946584701538086 1
0.9755861163139343 1
0.975395143032074 1
0.9962344765663147 1
0.9949952363967896 1
0.9921296834945679 1
0.9968342185020447 1
0.9837453365325928 1
0.992061197757721 1
0.9923269748687744 1
0.9861987829208374 1
0.9914975762367249 1
0.9798967242240906 1
0.9961468577384949 1
0.9939592480659485 1
0.991809070110321 1
0.981810450553894 1
0.9999999403953552 1
0.9838457703590393 1
0.9866336584091187 1
0.9787173271179199 1
0.9896923303604126 1
0.980819046497345 1
0.9898505806922913 1
0.9757739305496216 1
0.9934809803962708 1
0.9957422018051147 1
0.9913714528083801 1
0.9776599407196045 1
0.9882804155349731 1
0.5220997333526611 0
0.7097249031066895 0
0.5899403095245361 0
0.5436561703681946 0
0.4207194447517395 0
0.8003633618354797 0
0.6684547662734985 0
0.49804872274398804 0
0.4786502718925476 0
0.6986193656921387 0
0.786712646484375 0
0.7411481738090515 0
0.6704930067062378 0
0.7088214755058289 0
0.43837982416152954 0
0.35004058480262756 0
0.41496554017066956 0
0.2960655987262726 0
0.448045551776886 0
0.31840312480926514 0
0.3291124105453491 0
0.40098127722740173 0
0.4794839024543762 0
0.4131895899772644 0
0.40361204743385315 0
0.42242559790611267 0
0.3961077034473419 0
0.43044513463974 0
0.3838963210582733 0
0.9537375569343567 0
0.9328373074531555 0
0.9327410459518433 0
0.914053738117218 0
0.9651452302932739 0
0.9114578366279602 0
0.9086946845054626 0
0.972957193851471 0
0.9433795809745789 0
0.9784369468688965 0
0.9437327980995178 0
0.9393234252929688 0
0.9015248417854309 0
0.9635111689567566 0
0.9031907320022583 0
0.961484968662262 0
0.9454881548881531 0
0.9296813011169434 0
0.9257115721702576 0
0.9280856251716614 0
0.9753112196922302 0
0.9631478786468506 0
0.9419407844543457 0
0.9073519110679626 0
0.844304084777832 0
0.9307106137275696 0
0.9432463049888611 0
0.9254540205001831 0
0.9432303309440613 0
0.9115382432937622 0
0.9157469868659973 0
0.9584319591522217 0
0.9370062947273254 0
0.8349716663360596 0
0.9591514468193054 0
0.9249117970466614 0
0.8537559509277344 0
0.8675746917724609 0
0.9163290858268738 0
0.892620325088501 0
0.9128060936927795 0
0.9706502556800842 0
0.8832548260688782 0
0.8891879320144653 0
0.8370540142059326 0
0.8687883615493774 0
0.9678516387939453 0
0.8913992047309875 0
0.9537538886070251 0
0.9044122099876404 0
0.9110020399093628 0
0.9019948840141296 0
0.9006116390228271 0
0.9840298295021057 0
0.9601172804832458 0
0.9212883710861206 0
0.9332653880119324 0
0.8679080009460449 0
0.9063935875892639 0
0.8985088467597961 0
0.8839154243469238 0
0.9452927112579346 0
0.9383544325828552 0
0.8466805815696716 0
0.8668805956840515 0
0.9107182025909424 0
0.9472033977508545 0
0.9228204488754272 0
0.9386322498321533 0
0.8845916986465454 0
0.8804088234901428 0
0.9217928051948547 0
0.8463975787162781 0
0.8995014429092407 0
0.8942426443099976 0
0.8743886947631836 0
0.8925102949142456 0
0.9033774137496948 0
0.8747967481613159 0
0.9010744094848633 0
0.9590722918510437 0
0.8197635412216187 0
0.7633072137832642 0
0.6554529070854187 0
0.626534640789032 0
0.5936897397041321 0
0.6069881916046143 0
0.612382173538208 0
0.5428290963172913 0
0.5191326141357422 0
0.7508472800254822 0
0.5155604481697083 0
0.5389363765716553 0
0.6755949854850769 0
0.5772109627723694 0
0.6571371555328369 0
0.4311279058456421 0
0.5033305883407593 0
0.5807865858078003 0
0.5838420987129211 0
0.6110202670097351 0
0.6194125413894653 0
0.5708513855934143 0
0.439485639333725 0
0.4714823067188263 0
0.6591782569885254 0
0.7078619003295898 0
0.6139824390411377 0
0.6387764811515808 0
0.556093692779541 0
0.6338035464286804 0
0.5778329968452454 0
0.49878090620040894 0
0.7539628148078918 0
0.5330119729042053 0
0.5938367247581482 0
0.4906156659126282 0
0.5026442408561707 0
0.6182354688644409 0
0.4800204634666443 0
0.7065916657447815 0
0.6250109076499939 0
0.5729968547821045 0
0.7232219576835632 0
0.4923918843269348 0
0.46160000562667847 0
0.6769779920578003 0
0.7326286435127258 0
0.4169626832008362 0
0.3310811519622803 0
0.5913477540016174 0
0.591862678527832 0
0.5833742618560791 0
0.631126880645752 0
0.6371078491210938 0
0.6280681490898132 0
0.7832530736923218 0
0.6494604349136353 0
0.8279080986976624 0
0.6620817184448242 0
0.6327667832374573 0
0.6781538724899292 0
0.5439652800559998 0
0.6906264424324036 0
0.4536432921886444 0
0.6813576221466064 0
0.658025324344635 0
0.6888022422790527 0
0.659971296787262 0
0.7244952917098999 0
0.58367520570755 0
0.8232269287109375 0
0.5513544678688049 0
0.5953826308250427 0
0.5080847144126892 0
0.5400296449661255 0
0.6156772375106812 0
0.9293627738952637 1
0.9422394633293152 1
0.9818056225776672 1
0.9692526459693909 1
0.9882006645202637 1
0.9762377142906189 1
0.9395502805709839 1
0.9683967232704163 1
0.9913106560707092 1
0.9639700651168823 1
0.9771549701690674 1
0.9591370820999146 1
0.8347222805023193 1
0.9844450950622559 1
0.8655834197998047 1
0.9075737595558167 1
0.8604376912117004 1
0.9055908918380737 1
0.9373955130577087 1
0.8729745149612427 1
0.9029460549354553 1
0.8806745409965515 1
0.9158117175102234 1
0.8254521489143372 1
0.8473983407020569 1
0.9037808179855347 1
0.8848447203636169 1
0.9044832587242126 1
0.896644651889801 1
0.5065978765487671 0
0.453145295381546 0
0.5637839436531067 0
0.5965561270713806 0
0.5347694158554077 0
0.48118531703948975 0
0.5396953821182251 0
0.5589711666107178 0
0.5088163018226624 0
0.4780556857585907 0
0.47227993607521057 0
0.5774409770965576 0
0.46272313594818115 0
0.555103063583374 0
0.600749135017395 0
0.5157203078269958 0
0.5482666492462158 0
0.6433747410774231 0
0.5273649096488953 0
0.5100339651107788 0
0.5994305610656738 0
0.5529441237449646 0
0.49224260449409485 0
0.43582189083099365 0
0.5051684975624084 0
0.4913903772830963 0
0.661839485168457 0
0.4270167350769043 0
0.5991362929344177 0
0.45718130469322205 0
0.5117398500442505 0
0.4065580368041992 0
0.4866662621498108 0
0.3132537305355072 0
0.47616514563560486 0
0.4935666024684906 0
0.5480511784553528 0
0.53409743309021 0
0.5867248773574829 0
0.6531413197517395 0
0.5838285088539124 0
0.26013845205307007 0
0.6169775128364563 0
0.6364975571632385 0
0.6274658441543579 0
0.6359776854515076 0
0.5993033647537231 0
0.6174333691596985 0
0.4916874170303345 0
0.6594305038452148 0
0.5808554887771606 0
0.6219456791877747 0
0.6510978937149048 0
0.6779290437698364 0
0.5957645773887634 0
0.5724917650222778 0
0.6711440682411194 0
0.6820691823959351 0
0.637758731842041 0
0.6678745746612549 0
0.6514915227890015 0
0.6255037784576416 0
0.6893236637115479 0
0.5925227403640747 0
0.6491824984550476 0
0.6563997864723206 0
0.6384265422821045 0
0.6156684160232544 0
0.7141684889793396 0
0.6430757641792297 0
0.639940619468689 0
0.6720622181892395 0
0.5676025748252869 0
0.726631760597229 0
0.5966554880142212 0
0.5733767151832581 0
0.5672268867492676 0
0.6165151000022888 0
0.6248835921287537 0
0.5287071466445923 0
0.5870925784111023 0
0.645782470703125 0
0.7198664546012878 0
0.6650151610374451 0
0.5020845532417297 0
0.4516628682613373 0
0.3804567754268646 0
0.4318469166755676 0
0.4418890178203583 0
0.34581616520881653 0
0.46743714809417725 0
0.42638275027275085 0
0.3739773631095886 0
0.4077858030796051 0
0.4759584963321686 0
0.5499991774559021 0
0.40724775195121765 0
0.32131487131118774 0
0.46088626980781555 0
0.49988314509391785 0
0.45393049716949463 0
0.5388262271881104 0
0.36983972787857056 0
0.4747432470321655 0
0.4438784420490265 0
0.47604143619537354 0
0.4494019150733948 0
0.45741692185401917 0
0.612231433391571 0
0.4615878462791443 0
0.4679722785949707 0
0.5703967809677124 0
0.48261281847953796 0
0.42398014664649963 0
0.3372610807418823 0
0.33400067687034607 0
0.4669632017612457 0
0.39625295996665955 0
0.4696618616580963 0
0.40890511870384216 0
0.427009254693985 0
0.2627016603946686 0
0.5003578066825867 0
0.5668337941169739 0
0.43922173976898193 0
0.39935800433158875 0
0.26189863681793213 0
0.37855103611946106 0
0.2808414399623871 0
0.2564384937286377 0
0.42777544260025024 0
0.41152358055114746 0
0.3990873396396637 0
0.2961598336696625 0
0.49411776661872864 0
0.3494773209095001 0
0.37976616621017456 0
0.34460344910621643 0
0.398509681224823 0
0.3487286865711212 0
0.4181612432003021 0
0.39742419123649597 0
0.39004212617874146 0
0.4123299717903137 0
0.25744912028312683 0
0.6624112129211426 0
0.40708044171333313 0
0.40175825357437134 0
0.4124402701854706 0
0.3801036477088928 0
0.3898243010044098 0
0.4071056842803955 0
0.4841553270816803 0
0.3324425220489502 0
0.5624694228172302 0
0.357354074716568 0
0.8112959265708923 1
0.8039664030075073 1
0.8343566656112671 1
0.8575229048728943 1
0.9311425089836121 1
0.8235586285591125 1
0.8553125858306885 1
0.901078999042511 1
0.8828418850898743 1
0.8421199321746826 1
0.8844446539878845 1
0.9247003793716431 1
0.899290144443512 1
0.8531301617622375 1
0.8956860303878784 1
0.9886841773986816 1
0.9821327924728394 1
0.9828954339027405 1
0.9622417688369751 1
0.9957642555236816 1
0.9868031740188599 1
0.9916796684265137 1
0.9958295822143555 1
0.9151555299758911 1
0.9768387079238892 1
0.9896456599235535 1
0.9713819622993469 1
0.9878147840499878 1
0.9969286322593689 1
0.2583363950252533 0
