0.9730169177055359 1
0.9832536578178406 1
0.9867646098136902 1
0.9925951361656189 1
0.9834190011024475 1
0.974137008190155 1
0.9795345664024353 1
0.9641672372817993 1
0.9901400208473206 1
0.9931190609931946 1
0.9618996977806091 1
0.9824524521827698 1
0.9944164752960205 1
0.9727415442466736 1
0.9878509044647217 1
0.9782163500785828 1
0.9808008670806885 1
0.9862772226333618 1
0.9779660105705261 1
0.9807168841362 1
0.9840039610862732 1
0.9724429845809937 1
0.983780562877655 1
0.9822808504104614 1
0.9820054173469543 1
0.9855061769485474 1
0.9829070568084717 1
0.9855289459228516 1
0.9847182631492615 1
0.9610361456871033 1
0.9891929030418396 1
0.9854270219802856 1
0.9823892712593079 1
0.9950625896453857 1
0.9767590761184692 1
0.9900952577590942 1
0.9895013570785522 1
0.992357075214386 1
0.9858825206756592 1
0.9690281748771667 1
0.9861334562301636 1
0.9883280396461487 1
0.8353168964385986 0
0.8530952334403992 0
0.8710251450538635 0
0.8710066676139832 0
0.8633626103401184 0
0.833453357219696 0
0.8387109041213989 0
0.9189401865005493 0
0.8638374209403992 0
0.8823794722557068 0
0.8239514827728271 0
0.9083036184310913 0
0.9039976596832275 0
0.9118984937667847 0
0.9194112420082092 0
0.8668383955955505 0
0.8161273002624512 0
0.8822246193885803 0
0.8587062358856201 0
0.8510123491287231 0
0.8476361036300659 0
0.9394561648368835 0
0.8456516861915588 0
0.8245339393615723 0
0.8107887506484985 0
0.8061322569847107 0
0.8078575730323792 0
0.8198075890541077 0
0.8569563627243042 0
0.8778731822967529 0
0.7188013792037964 0
0.8887124061584473 0
0.8272139430046082 0
0.8661572337150574 0
0.8534389734268188 0
0.8689101338386536 0
0.8613407015800476 0
0.8896541595458984 0
0.9044104814529419 0
0.8383610248565674 0
0.8598203063011169 0
0.7640769481658936 0
0.8371343016624451 0
0.7931565642356873 0
0.8565590381622314 0
0.8190350532531738 0
0.8562625646591187 0
0.8911342620849609 0
0.8647212386131287 0
0.864963173866272 0
0.8422209620475769 0
0.8521153330802917 0
0.7179518938064575 0
0.8356577157974243 0
0.8880625367164612 0
0.9373286366462708 0
0.8280845284461975 0
0.8424504399299622 0
0.8295189142227173 0
0.847571849822998 0
0.7725298404693604 0
0.8262675404548645 0
0.814358115196228 0
0.8618910908699036 0
0.8944090008735657 0
0.8307411670684814 0
0.8596044182777405 0
0.8399413824081421 0
0.8511373996734619 0
0.8751318454742432 0
0.824044942855835 0
0.8259568810462952 0
0.9112153649330139 0
0.9120557308197021 0
0.9329071640968323 0
0.8875598311424255 0
0.8966535925865173 0
0.8514142036437988 0
0.8936293125152588 0
0.8961066603660583 0
0.9364902973175049 0
0.9390000104904175 0
0.926973283290863 0
0.8837894797325134 0
0.8798919320106506 0
0.8639719486236572 0
0.8791018128395081 0
0.888762891292572 0
0.9089383482933044 0
0.9422098398208618 0
0.8782549500465393 0
0.8994104862213135 0
0.9315834045410156 0
0.9093003869056702 0
0.9195932149887085 0
0.9589484333992004 0
0.9358664155006409 0
0.9273040294647217 0
0.915282130241394 0
0.9167734384536743 0
0.9298915863037109 0
0.9259383082389832 0
0.9390817880630493 0
0.9343098402023315 0
0.869149923324585 0
0.9528538584709167 0
0.9490624070167542 0
0.9028466939926147 0
0.9140929579734802 0
0.9059743285179138 0
0.935849666595459 0
0.9332236051559448 0
0.8924570679664612 0
0.9631516933441162 0
0.44496139883995056 0
0.332301527261734 0
0.32852840423583984 0
0.40666666626930237 0
0.28287866711616516 0
0.4119417369365692 0
0.15180788934230804 0
0.3161078095436096 0
0.42585107684135437 0
0.5204888582229614 0
0.5932832956314087 0
0.6318361163139343 0
0.5346121191978455 0
0.5159406065940857 0
0.6223273277282715 0
0.2877047657966614 0
0.3240138292312622 0
0.31308713555336 0
0.2806859612464905 0
0.3755679428577423 0
0.2540878355503082 0
0.3372220993041992 0
0.2436150759458542 0
0.2632788419723511 0
0.21529343724250793 0
0.23374490439891815 0
0.3035677671432495 0
0.25702452659606934 0
0.3244408667087555 0
0.9864726066589355 1
0.9948602914810181 1
0.9624918103218079 1
0.988614559173584 1
0.9915757179260254 1
0.9644593596458435 1
0.9765023589134216 1
0.9053834676742554 1
0.9926116466522217 1
0.9893776178359985 1
0.9572749733924866 1
0.9908153414726257 1
0.9947035312652588 1
0.990218997001648 1
0.9935287833213806 1
0.9855884313583374 1
0.9635999202728271 1
0.983889639377594 1
0.9570936560630798 1
0.9441607594490051 1
0.9791075587272644 1
0.9911178946495056 1
0.955449104309082 1
0.9847159385681152 1
0.9813272356987 1
0.9861667156219482 1
0.9774832129478455 1
0.9731996059417725 1
0.9780562520027161 1
0.9773983955383301 1
0.9714109301567078 1
0.9461216330528259 1
0.9911593198776245 1
0.9782900214195251 1
0.9597136378288269 1
0.9795621633529663 1
0.9881106615066528 1
0.9880497455596924 1
0.9830111861228943 1
0.9863495826721191 1
0.9729700684547424 1
0.9488410353660583 1
0.9752086400985718 1
0.8767868876457214 0
0.7887840867042542 0
0.9151569604873657 0
0.8427587151527405 0
0.8660197854042053 0
0.9110445976257324 0
0.8009448647499084 0
0.7861318588256836 0
0.8826619982719421 0
0.8695195317268372 0
0.8730565905570984 0
0.873331606388092 0
0.8456939458847046 0
0.8687379360198975 0
0.9049734473228455 0
0.8494465947151184 0
0.866865873336792 0
0.7936442494392395 0
0.8146134614944458 0
0.8970243334770203 0
0.8802509307861328 0
0.8272383809089661 0
0.8077016472816467 0
0.8012324571609497 0
0.9095445871353149 0
0.7676963806152344 0
0.8351103663444519 0
0.8840034604072571 0
0.8509393930435181 0
0.8518568873405457 0
0.8470499515533447 0
0.9123461246490479 0
0.8782027363777161 0
0.8983590602874756 0
0.8689132928848267 0
0.9148212671279907 0
0.8705434203147888 0
0.8588390350341797 0
0.8973106741905212 0
0.8705786466598511 0
0.9025511741638184 0
0.8693395853042603 0
0.8326314091682434 0
0.8106516003608704 0
0.8510004878044128 0
0.7915463447570801 0
0.7915882468223572 0
0.8612838983535767 0
0.8470498323440552 0
0.8118969202041626 0
0.8190919160842896 0
0.8504961133003235 0
0.7781521677970886 0
0.8856597542762756 0
0.8201908469200134 0
0.8783119916915894 0
0.8929521441459656 0
0.8210605382919312 0
0.8287156820297241 0
0.8386585712432861 0
0.8674101233482361 0
0.8491342067718506 0
0.8796608448028564 0
0.8711051344871521 0
0.8951454162597656 0
0.8109405636787415 0
0.8057391047477722 0
0.889815628528595 0
0.8271253705024719 0
0.8031870722770691 0
0.8127777576446533 0
0.8484669327735901 0
0.9044091701507568 0
0.9307371377944946 0
0.8595083355903625 0
0.9565678834915161 0
0.8757420182228088 0
0.9125295877456665 0
0.8965795040130615 0
0.9435679316520691 0
0.9085545539855957 0
0.9392945170402527 0
0.9344712495803833 0
0.883906900882721 0
0.9545639157295227 0
0.901114821434021 0
0.9270058870315552 0
0.8772079348564148 0
0.9051148891448975 0
0.9019243717193604 0
0.8770145773887634 0
0.8705909848213196 0
0.9084250330924988 0
0.904127299785614 0
0.9470437169075012 0
0.9280893206596375 0
0.851802408695221 0
0.8775996565818787 0
0.9231206774711609 0
0.9369416236877441 0
0.9218154549598694 0
0.8984679579734802 0
0.8920865058898926 0
0.8424325585365295 0
0.9026542901992798 0
0.9001302123069763 0
0.9084666967391968 0
0.9221066236495972 0
0.8642470240592957 0
0.854272186756134 0
0.8149089217185974 0
0.9438149929046631 0
0.9667600989341736 0
0.912180483341217 0
0.4076940715312958 0
0.23987232148647308 0
0.4140757918357849 0
0.29778972268104553 0
0.4893539547920227 0
0.5386803150177002 0
0.49558553099632263 0
0.3784523606300354 0
0.47808611392974854 0
0.5389230847358704 0
0.5512534379959106 0
0.6931734085083008 0
0.643369734287262 0
0.600890576839447 0
0.6358473896980286 0
0.3483346104621887 0
0.31665411591529846 0
0.3195159137248993 0
0.1711292266845703 0
0.2671918272972107 0
0.25262922048568726 0
0.2150443196296692 0
0.32442182302474976 0
0.22369392216205597 0
0.17766721546649933 0
0.25753504037857056 0
0.2597695291042328 0
0.29748666286468506 0
0.14381863176822662 0
0.9867280125617981 1
0.9850520491600037 1
0.9878722429275513 1
0.9764829874038696 1
0.9501021504402161 1
0.9215087890625 1
0.9563133120536804 1
0.9584026336669922 1
0.9472653269767761 1
0.9867971539497375 1
0.9849469661712646 1
0.9816516637802124 1
0.9602267146110535 1
0.9934679865837097 1
0.9618444442749023 1
0.9724236130714417 1
0.9746331572532654 1
0.9919325113296509 1
0.9735086560249329 1
0.9696667790412903 1
0.9854622483253479 1
0.9905269742012024 1
0.9772441983222961 1
0.9710165858268738 1
0.9832637310028076 1
0.9813363552093506 1
0.9846111536026001 1
0.9760769605636597 1
0.9499586224555969 1
0.9796100854873657 1
0.9880883693695068 1
0.9698613286018372 1
0.9854320883750916 1
0.9714338183403015 1
0.9674019813537598 1
0.9702489972114563 1
0.9690049886703491 1
0.9929717183113098 1
0.9943113923072815 1
0.9848037958145142 1
0.9917323589324951 1
0.9685848951339722 1
0.8327170610427856 0
0.8341951966285706 0
0.8303530216217041 0
0.8875449895858765 0
0.8184141516685486 0
0.9202032685279846 0
0.8347653746604919 0
0.9238120317459106 0
0.8682529330253601 0
0.8210293054580688 0
0.9894825220108032 1
0.9852308630943298 1
0.9811998605728149 1
0.9619747996330261 1
0.9877967834472656 1
0.9731588363647461 1
0.9919363856315613 1
0.9820425510406494 1
0.9774797558784485 1
0.9876400232315063 1
0.9813098907470703 1
0.9668290019035339 1
0.989854633808136 1
0.9788081645965576 1
0.9482130408287048 1
0.9613928198814392 1
0.9679982662200928 1
0.9701913595199585 1
0.9747973084449768 1
0.9668615460395813 1
0.9778736233711243 1
0.989866316318512 1
0.980135440826416 1
0.9733606576919556 1
0.9689595103263855 1
0.9831693768501282 1
0.9804079532623291 1
0.9864729642868042 1
0.9533613324165344 1
0.9758161902427673 1
0.9898545742034912 1
0.9624987244606018 1
0.9338841438293457 0
0.9049508571624756 0
0.9167571663856506 0
0.9517862200737 0
0.958336353302002 0
0.9483657479286194 0
0.9425266981124878 0
0.9345634579658508 0
0.9492176175117493 0
0.9452623724937439 0
0.9152187705039978 0
0.9487884044647217 0
0.9308047294616699 0
0.9013225436210632 0
0.9460001587867737 0
0.9591816663742065 0
0.9306724071502686 0
0.9320624470710754 0
0.9196211099624634 0
0.9646968841552734 0
0.8998479843139648 0
0.9047368168830872 0
0.9320340752601624 0
0.9319859743118286 0
0.9328300952911377 0
0.9104758501052856 0
0.9296619892120361 0
0.9159004092216492 0
0.9393764734268188 0
0.9322001934051514 0
0.9718465209007263 0
0.9447785019874573 0
0.9024441838264465 0
0.9609050750732422 0
0.9204566478729248 0
0.9519341588020325 0
0.9652489423751831 0
0.9557203650474548 0
0.9431639909744263 0
0.9739865064620972 0
0.9452217221260071 0
0.9663428068161011 0
0.9496639966964722 0
0.9257339835166931 0
0.9461971521377563 0
0.9814783930778503 0
0.9617350697517395 0
0.9238886833190918 0
0.9655734300613403 0
0.9659259915351868 0
0.9677568078041077 0
0.9509047269821167 0
0.9501645565032959 0
0.9713326692581177 0
0.9535783529281616 0
0.9545497894287109 0
0.9416069984436035 0
0.9645518660545349 0
0.9625927209854126 0
0.8749185800552368 0
0.9256212115287781 0
0.9675458073616028 0
0.9408203363418579 0
0.9358329772949219 0
0.9372586607933044 0
0.9689317941665649 0
0.9455513954162598 0
0.9339549541473389 0
0.9594222903251648 0
0.9789806604385376 0
0.9394764304161072 0
0.9585755467414856 0
0.954003632068634 0
0.5921497941017151 0
0.6124151945114136 0
0.7171379327774048 0
0.7549192309379578 0
0.7180014252662659 0
0.8144236207008362 0
0.7639718055725098 0
0.7255507707595825 0
0.5944786071777344 0
0.7623828053474426 0
0.8039478063583374 0
0.7686313986778259 0
0.7242299914360046 0
0.8178249001502991 0
0.41437438130378723 0
0.4709998369216919 0
0.48259517550468445 0
0.41973188519477844 0
0.4622703194618225 0
0.4740356206893921 0
0.5135146379470825 0
0.42391616106033325 0
0.4386482536792755 0
0.40279409289360046 0
0.43175551295280457 0
0.5704860091209412 0
0.6388013958930969 0
0.524482011795044 0
0.4908702075481415 0
0.8615173697471619 0
0.8857223987579346 0
0.8114462494850159 0
0.8541926145553589 0
0.840933084487915 0
0.8691824078559875 0
0.877917468547821 0
0.9034790992736816 0
0.8428491353988647 0
0.9049534201622009 0
0.8568781018257141 0
0.8711766004562378 0
0.814535915851593 0
0.9222516417503357 0
0.8244493007659912 0
0.924138069152832 0
0.8898464441299438 0
0.8604093194007874 0
0.8761677145957947 0
0.7994139194488525 0
0.8455995917320251 0
0.8897859454154968 0
0.8669865727424622 0
0.7859011888504028 0
0.8150641918182373 0
0.8513774275779724 0
0.917688250541687 0
0.8372935652732849 0
0.8504593372344971 0
0.8429003357887268 0
0.8177904486656189 0
0.8758165836334229 0
0.8805333375930786 0
0.7694429159164429 0
0.821189820766449 0
0.8270010352134705 0
0.8289743065834045 0
0.7839595675468445 0
0.8661446571350098 0
0.8010633587837219 0
0.8506553173065186 0
0.8642212748527527 0
0.9826419353485107 1
0.9620702266693115 1
0.9667503833770752 1
0.9731229543685913 1
0.9851167798042297 1
0.9803475141525269 1
0.9887988567352295 1
0.9877175092697144 1
0.9690022468566895 1
0.9803339242935181 1
0.9788592457771301 1
0.9769620299339294 1
0.9807324409484863 1
0.9706157445907593 1
0.9690086245536804 1
0.965042769908905 1
0.9612587094306946 1
0.9901859164237976 1
0.9215598702430725 1
0.9937576055526733 1
0.9900637865066528 1
0.9729539155960083 1
0.9673252105712891 1
0.9897934198379517 1
0.9920579195022583 1
0.9545713663101196 1
0.9485215544700623 1
0.9809468984603882 1
0.9747501015663147 1
0.9745948314666748 1
0.9598461985588074 1
0.979682207107544 1
0.9668711423873901 1
0.9718482494354248 1
0.9850412011146545 1
0.9783273935317993 1
0.9777079820632935 1
0.9835511445999146 1
0.9739390015602112 1
0.9851873517036438 1
0.9845332503318787 1
0.9584599137306213 1
0.9229231476783752 0
0.8997393250465393 0
0.9499279856681824 0
0.9714106321334839 0
0.9375659823417664 0
0.9334665536880493 0
0.9539867639541626 0
0.9510812759399414 0
0.9318994283676147 0
0.9455037713050842 0
0.939072847366333 0
0.9430981874465942 0
0.9241441488265991 0
0.9576960802078247 0
0.9546382427215576 0
0.9566006064414978 0
0.9325942397117615 0
0.9126186370849609 0
0.9358996152877808 0
0.9243801236152649 0
0.957508385181427 0
0.8959596157073975 0
0.9541330933570862 0
0.9024905562400818 0
0.93971186876297 0
0.9553440809249878 0
0.919314980506897 0
0.9244729280471802 0
0.9121249318122864 0
0.9166973829269409 0
0.9603347778320312 0
0.9400706887245178 0
0.9511870741844177 0
0.9397692084312439 0
0.9363479018211365 0
0.9463440775871277 0
0.963891327381134 0
0.9606824517250061 0
0.9746097326278687 0
0.9784280061721802 0
0.9683013558387756 0
0.9210662841796875 0
0.939355194568634 0
0.9711140394210815 0
0.8969204425811768 0
0.9508392810821533 0
0.9413772225379944 0
0.9552040100097656 0
0.9624224901199341 0
0.9444709420204163 0
0.9510550498962402 0
0.930595338344574 0
0.9645792245864868 0
0.9539185166358948 0
0.9423525333404541 0
0.924593448638916 0
0.9508407711982727 0
0.9627161026000977 0
0.9010695815086365 0
0.9382551908493042 0
0.975178599357605 0
0.9627160429954529 0
0.9701014757156372 0
0.9388338923454285 0
0.9519489407539368 0
0.9237993955612183 0
0.9587506651878357 0
0.9571327567100525 0
0.9272081851959229 0
0.9498192071914673 0
0.9307103157043457 0
0.9473558068275452 0
0.9647665619850159 0
0.7244953513145447 0
0.6713362336158752 0
0.7459841370582581 0
0.7052375078201294 0
0.6743778586387634 0
0.6309724450111389 0
0.6858798265457153 0
0.7085338830947876 0
0.7825387120246887 0
0.828807532787323 0
0.878683865070343 0
0.8154181838035583 0
0.8738699555397034 0
0.848405122756958 0
0.45186734199523926 0
0.5354670286178589 0
0.4722015857696533 0
0.485200434923172 0
0.5348305106163025 0
0.3767056465148926 0
0.553309440612793 0
0.5265709161758423 0
0.4419213831424713 0
0.5110202431678772 0
0.5217254757881165 0
0.4927050769329071 0
0.47232702374458313 0
0.6350769996643066 0
0.46247896552085876 0
0.8270850777626038 0
0.8204753398895264 0
0.8327476978302002 0
0.8193842172622681 0
0.8448047041893005 0
0.8417203426361084 0
0.8364430665969849 0
0.8558067083358765 0
0.8313670754432678 0
0.8357182145118713 0
0.8836906552314758 0
0.79544597864151 0
0.7720765471458435 0
0.8801826238632202 0
0.7738789319992065 0
0.9007496237754822 0
0.8661771416664124 0
0.8924681544303894 0
0.8934814929962158 0
0.8747941851615906 0
0.905049204826355 0
0.8950979113578796 0
0.8770405054092407 0
0.860935389995575 0
0.8737950325012207 0
0.8152982592582703 0
0.9420503973960876 0
0.8412364721298218 0
0.9120097160339355 0
0.8739240169525146 0
0.8631646037101746 0
0.8543987274169922 0
0.8864549994468689 0
0.7347463369369507 0
0.8180434107780457 0
0.8302002549171448 0
0.9223750829696655 0
0.8666453957557678 0
0.8521349430084229 0
0.9432097673416138 0
0.8342145085334778 0
0.8419484496116638 0
0.9663349390029907 1
0.9754894971847534 1
0.9720402956008911 1
0.980758786201477 1
0.9827216863632202 1
0.9792369604110718 1
0.9793729186058044 1
0.9909269213676453 1
0.9813404083251953 1
0.9820769429206848 1
0.963090717792511 1
0.9889460802078247 1
0.9840079545974731 1
0.9687075018882751 1
0.975423276424408 1
0.9828678965568542 1
0.9462593793869019 1
0.9856931567192078 1
0.973460853099823 1
0.9766246676445007 1
0.9689220786094666 1
0.9765291810035706 1
0.9702922701835632 1
0.9815732836723328 1
0.9812433123588562 1
0.9728891253471375 1
0.9756318926811218 1
0.9844880104064941 1
0.9890486001968384 1
0.9745006561279297 1
0.9838069677352905 1
0.9609984755516052 1
0.9588224291801453 1
0.9840214848518372 1
0.9882410168647766 1
0.9799095988273621 1
0.9850265383720398 1
0.9815244674682617 1
0.9691891670227051 1
0.989246129989624 1
0.9776635766029358 1
0.977724552154541 1
0.9341410398483276 0
0.9365390539169312 0
0.9534595012664795 0
0.941716194152832 0
0.9280754327774048 0
0.9152269959449768 0
0.9527502655982971 0
0.9193234443664551 0
0.8992617130279541 0
0.9312027096748352 0
0.9447177648544312 0
0.9434509873390198 0
0.9415046572685242 0
0.9216382503509521 0
0.9436524510383606 0
0.9882781505584717 1
0.9842888712882996 1
0.9786571860313416 1
0.9805724620819092 1
0.9670717716217041 1
0.9543891549110413 1
0.9709474444389343 1
0.9505197405815125 1
0.9898443222045898 1
0.9924952983856201 1
0.9763778448104858 1
0.9801344275474548 1
0.9789524674415588 1
0.9844806790351868 1
0.9866526126861572 1
0.8997337222099304 0
0.9441972970962524 0
0.9455887079238892 0
0.9452461004257202 0
0.9135489463806152 0
0.9431153535842896 0
0.956770122051239 0
0.9388992786407471 0
0.9199745059013367 0
0.9630271792411804 0
0.9630094170570374 0
0.967616856098175 0
0.9838327169418335 0
0.9708951115608215 0
0.9645904898643494 0
0.948395311832428 0
0.9659397602081299 0
0.9690516591072083 0
0.9597809314727783 0
0.9752231240272522 0
0.9534009099006653 0
0.9590767025947571 0
0.9349972605705261 0
0.9642409086227417 0
0.962867796421051 0
0.9285133481025696 0
0.9323379993438721 0
0.9673528075218201 0
0.9320762157440186 0
0.919211208820343 0
0.9607138633728027 0
0.9460965991020203 0
0.9688337445259094 0
0.9726775288581848 0
0.9356727004051208 0
0.9564305543899536 0
0.984106719493866 0
0.9585466980934143 0
0.9214390516281128 0
0.9242935180664062 0
0.9246612191200256 0
0.9316796660423279 0
0.5834682583808899 0
0.5728972554206848 0
0.5148210525512695 0
0.5616466403007507 0
0.658518373966217 0
0.6257973313331604 0
0.62908935546875 0
0.6820007562637329 0
0.6176643967628479 0
0.6369659900665283 0
0.7764788866043091 0
0.7721994519233704 0
0.7087703943252563 0
0.7716709971427917 0
0.543962299823761 0
0.4406478703022003 0
0.5119104981422424 0
0.42139944434165955 0
0.45368093252182007 0
0.44816383719444275 0
0.4363281726837158 0
0.4211787283420563 0
0.46089571714401245 0
0.4282185435295105 0
0.5180999636650085 0
0.5338007211685181 0
0.46801701188087463 0
0.5700944066047668 0
0.46303853392601013 0
0.8572472929954529 0
0.8162292242050171 0
0.8210673332214355 0
0.8243218064308167 0
0.8082088232040405 0
0.848143458366394 0
0.8035674095153809 0
0.8168376088142395 0
0.9044234752655029 0
0.9021981954574585 0
0.8698713779449463 0
0.8600846529006958 0
0.8943064212799072 0
0.861436128616333 0
0.8418859243392944 0
0.8640056848526001 0
0.8737221956253052 0
0.9028002619743347 0
0.8448960185050964 0
0.7732101082801819 0
0.8540632128715515 0
0.7565509080886841 0
0.7631440758705139 0
0.8711597323417664 0
0.8419497013092041 0
0.8273607492446899 0
0.8727081418037415 0
0.8748878836631775 0
0.7915878891944885 0
0.8228479623794556 0
0.8657000660896301 0
0.872430682182312 0
0.7590803503990173 0
0.8366345167160034 0
0.9020373225212097 0
0.8430356383323669 0
0.8249071836471558 0
0.7838230133056641 0
0.8677024841308594 0
0.8334103226661682 0
0.9013822674751282 0
0.7693435549736023 0
0.9195844531059265 0
0.9211634993553162 0
0.9158742427825928 0
0.9217932820320129 0
0.9136094450950623 0
0.9470090866088867 0
0.9266433119773865 0
0.9433380365371704 0
0.9286547899246216 0
0.9447354674339294 0
0.9522109627723694 0
0.9131527543067932 0
0.9190839529037476 0
0.9135053753852844 0
0.947931706905365 0
0.9202235341072083 0
0.9445459842681885 0
0.9469678997993469 0
0.9353209137916565 0
0.9417039752006531 0
0.9200385212898254 0
0.9335625767707825 0
0.9365449547767639 0
0.9256890416145325 0
0.9582235217094421 0
0.8914391398429871 0
0.9555246829986572 0
0.9539148211479187 0
0.9303133487701416 0
0.9471200108528137 0
0.8963702321052551 0
0.9455466866493225 0
0.924866259098053 0
0.8970083594322205 0
0.9437941312789917 0
0.8943696022033691 0
0.9128948450088501 0
0.9137582778930664 0
0.9254904985427856 0
0.9406173825263977 0
0.889819860458374 0
0.9341256022453308 0
0.9266003966331482 0
0.9644274115562439 1
0.9591308832168579 1
0.974280834197998 1
0.9829883575439453 1
0.9883167147636414 1
0.9943259954452515 1
0.9933733344078064 1
0.9729317426681519 1
0.9922532439231873 1
0.9928441643714905 1
0.9894607067108154 1
0.9652596116065979 1
0.9749582409858704 1
0.9600870013237 1
0.9932286143302917 1
0.9811838269233704 1
0.9883872866630554 1
0.9739211797714233 1
0.9846018552780151 1
0.9833012223243713 1
0.9850346446037292 1
0.9864848256111145 1
0.9836402535438538 1
0.9742171168327332 1
0.9909687638282776 1
0.9866764545440674 1
0.9898613095283508 1
0.9943686127662659 1
0.9775812029838562 1
0.9863098859786987 1
0.9516857266426086 0
0.9170336127281189 0
0.9615313410758972 0
0.9586969017982483 0
0.9568371176719666 0
0.9747618436813354 0
0.9620097279548645 0
0.9496283531188965 0
0.946157693862915 0
0.9590807557106018 0
0.9520765542984009 0
0.958372950553894 0
0.9157873392105103 0
0.9467623233795166 0
0.9289811849594116 0
0.973351776599884 0
0.9585041999816895 0
0.9658735990524292 0
0.9630494117736816 0
0.9758169651031494 0
0.9607976078987122 0
0.9774605631828308 0
0.9820027947425842 0
0.9501864910125732 0
0.9765853881835938 0
0.9671779870986938 0
0.9416468739509583 0
0.9584175944328308 0
0.9620723724365234 0
0.971166729927063 0
0.9693690538406372 0
0.9732325077056885 0
0.9655025601387024 0
0.9193655848503113 0
0.9503816962242126 0
0.9501689672470093 0
0.9504950046539307 0
0.9520893692970276 0
0.9421507716178894 0
0.9092056155204773 0
0.9687181115150452 0
0.9598323106765747 0
0.6014549732208252 0
0.6311541199684143 0
0.5870821475982666 0
0.6603477597236633 0
0.5669601559638977 0
0.683201014995575 0
0.5075883269309998 0
0.5470940470695496 0
0.6337245106697083 0
0.6714856624603271 0
0.7408442497253418 0
0.8078281879425049 0
0.7211718559265137 0
0.7212174534797668 0
0.7364870309829712 0
0.4719499349594116 0
0.47967997193336487 0
0.5323393940925598 0
0.4960494339466095 0
0.5740700960159302 0
0.4810083210468292 0
0.6004066467285156 0
0.41282275319099426 0
0.466896653175354 0
0.4238632321357727 0
0.4574154019355774 0
0.49149003624916077 0
0.48499104380607605 0
0.4829575717449188 0
0.8171228766441345 0
0.8430058360099792 0
0.8191410899162292 0
0.7721059322357178 0
0.8046193718910217 0
0.8290247321128845 0
0.8568124175071716 0
0.7833316922187805 0
0.8342684507369995 0
0.8359125852584839 0
0.8250837922096252 0
0.8517208695411682 0
0.8285727500915527 0
0.8108664155006409 0
0.8474218249320984 0
0.863106906414032 0
0.8211365342140198 0
0.8344773650169373 0
0.8252559900283813 0
0.8254490494728088 0
0.8610725998878479 0
0.8947398662567139 0
0.8116804361343384 0
0.8368576765060425 0
0.817949116230011 0
0.8614469766616821 0
0.8383288979530334 0
0.8563628792762756 0
0.7975316643714905 0
0.9118331670761108 0
0.8851960301399231 0
0.9172886610031128 0
0.9471194744110107 0
0.8981171250343323 0
0.9337414503097534 0
0.9229711890220642 0
0.9111196994781494 0
0.8833968639373779 0
0.9070736169815063 0
0.8610984086990356 0
0.8669689297676086 0
0.8222963809967041 0
0.8850434422492981 0
0.957944393157959 0
0.9080371260643005 0
0.9789397716522217 0
0.9368911981582642 0
0.9546951055526733 0
0.9721986651420593 0
0.9300493001937866 0
0.9085726737976074 0
0.9404957890510559 0
0.8836119174957275 0
0.9659345149993896 0
0.969312310218811 0
0.9364960193634033 0
0.9647012948989868 0
0.9545866847038269 0
0.9593449831008911 0
0.9437178373336792 0
0.9313332438468933 0
0.8891909718513489 0
0.9701058864593506 0
0.9337208867073059 0
0.9606203436851501 0
0.9592673182487488 0
0.856909990310669 0
0.9476016163825989 0
0.9264414310455322 0
0.9058254361152649 0
0.9339181184768677 0
0.9560876488685608 0
0.9499688148498535 0
0.9574388861656189 0
0.9756784439086914 0
0.9582834839820862 0
0.9705861806869507 0
0.9529663324356079 0
0.9699985384941101 0
0.9739872217178345 0
0.9667253494262695 0
0.9310455918312073 0
0.9664970636367798 0
0.969865620136261 0
0.9507630467414856 0
0.9212291240692139 0
0.9477651715278625 0
0.9555964469909668 0
0.9486598372459412 0
0.9328906536102295 0
0.9808919429779053 0
0.9648733139038086 0
0.953978955745697 0
0.9361083507537842 0
0.945743203163147 0
0.9524126052856445 0
0.9750410318374634 0
0.9696841835975647 0
0.9704962372779846 0
0.9591763019561768 0
0.9433456659317017 0
0.9418154358863831 0
0.9772499203681946 0
0.9522631764411926 0
0.9735228419303894 0
0.970013439655304 0
0.9696153402328491 0
0.9751914143562317 0
0.8904460668563843 0
0.9663425087928772 0
0.9638928174972534 0
0.94744873046875 0
0.9606097936630249 0
0.922880232334137 0
0.9125875234603882 0
0.9802618026733398 1
0.984157919883728 1
0.9854223728179932 1
0.9663900136947632 1
0.9915540218353271 1
0.9818097949028015 1
0.9954684376716614 1
0.9778739213943481 1
0.9865719676017761 1
0.982234001159668 1
0.9898461103439331 1
0.9689781069755554 1
0.9873495697975159 1
0.9938110113143921 1
0.9810136556625366 1
0.9896867275238037 1
0.9897814393043518 1
0.9870070219039917 1
0.9681748747825623 1
0.9792690873146057 1
0.9966728687286377 1
0.980431854724884 1
0.993532657623291 1
0.988076388835907 1
0.9899824857711792 1
0.9849321842193604 1
0.9682813882827759 1
0.9877372980117798 1
0.9958310723304749 1
0.9923123717308044 1
0.9673522114753723 1
0.9711231589317322 1
0.9830530285835266 1
0.9763939380645752 1
0.9717682003974915 1
0.9798938035964966 1
0.9868612885475159 1
0.9883267879486084 1
0.9688829183578491 1
0.9870386123657227 1
0.9773266315460205 1
0.9670451283454895 1
0.5257539749145508 0
0.403260737657547 0
0.5171298384666443 0
0.5739938616752625 0
0.5903435349464417 0
0.7633952498435974 0
0.6840581297874451 0
0.5668157935142517 0
0.6301695704460144 0
0.6704552173614502 0
0.6583981513977051 0
0.7516541481018066 0
0.6311854124069214 0
0.7304064035415649 0
0.746427595615387 0
0.38244369626045227 0
0.3763663172721863 0
0.35551875829696655 0
0.29475176334381104 0
0.41126206517219543 0
0.39423808455467224 0
0.37957194447517395 0
0.4349416494369507 0
0.47048822045326233 0
0.30521389842033386 0
0.3631719648838043 0
0.3690415024757385 0
0.4225583076477051 0
0.3260974586009979 0
0.9242216944694519 0
0.889339029788971 0
0.9107542037963867 0
0.9267652034759521 0
0.8957503437995911 0
0.9297259449958801 0
0.9044927358627319 0
0.8587649464607239 0
0.918891191482544 0
0.8812532424926758 0
0.9007441997528076 0
0.9215580821037292 0
0.9089377522468567 0
0.8766002058982849 0
0.9497194290161133 0
0.8524940609931946 0
0.9264362454414368 0
0.8898029327392578 0
0.9499492645263672 0
0.9231598973274231 0
0.9218183755874634 0
0.9227582812309265 0
0.9343836903572083 0
0.8700107336044312 0
0.943474292755127 0
0.9342248439788818 0
0.9553435444831848 0
0.8467593789100647 0
0.9403315186500549 0
0.9029748439788818 0
0.8734918236732483 0
0.9310215711593628 0
0.8727738261222839 0
0.8867365717887878 0
0.949911892414093 0
0.8933015465736389 0
0.8798348307609558 0
0.870261549949646 0
0.896130383014679 0
0.9244840145111084 0
0.926855742931366 0
0.9397871494293213 0
0.9401910305023193 0
0.9450993537902832 0
0.9359148144721985 0
0.9383886456489563 0
0.9542173743247986 0
0.9649155139923096 0
0.9469439387321472 0
0.9790822863578796 0
0.9560368061065674 0
0.9142203330993652 0
0.9730937480926514 0
0.9661645889282227 0
0.9619267582893372 0
0.9592629075050354 0
0.9686020016670227 0
0.9279302954673767 0
0.9410485625267029 0
0.953700065612793 0
0.9415158629417419 0
0.9438803791999817 0
0.9123184084892273 0
0.9841328859329224 0
0.9615742564201355 0
0.9615705609321594 0
0.9588298797607422 0
0.9562694430351257 0
0.9640451073646545 0
0.9361918568611145 0
0.9533615112304688 0
0.9294673800468445 0
0.935097336769104 0
0.9260263442993164 0
0.9654772281646729 0
0.9163390398025513 0
0.961312472820282 0
0.968187153339386 0
0.9316521883010864 0
0.9724636673927307 0
0.9390616416931152 0
0.9572537541389465 0
0.9464719891548157 0
0.9291829466819763 0
0.9349679946899414 0
0.9216427803039551 0
0.9309628009796143 0
0.9647466540336609 0
0.9654572606086731 0
0.965245246887207 0
0.9756494760513306 0
0.939850926399231 0
0.971525251865387 0
0.9613193273544312 0
0.9582276940345764 0
0.9536284804344177 0
0.9460555911064148 0
0.9668171405792236 0
0.9842816591262817 0
0.9632651805877686 0
0.9355746507644653 0
0.9480367302894592 0
0.9363158941268921 0
0.9626978039741516 0
0.919822633266449 0
0.962961733341217 0
0.9716463685035706 0
0.9818218350410461 0
0.9710369110107422 0
0.9473156929016113 0
0.9111958146095276 0
0.94320148229599 0
0.9334653615951538 0
0.9359192252159119 0
0.9841038584709167 1
0.9870346188545227 1
0.965380072593689 1
0.9848991632461548 1
0.9881249666213989 1
0.9766315221786499 1
0.9880529642105103 1
0.9911156892776489 1
0.9885225892066956 1
0.9866030216217041 1
0.9815162420272827 1
0.9859341979026794 1
0.9783673286437988 1
0.991055965423584 1
0.9766692519187927 1
0.9782939553260803 1
0.9921783804893494 1
0.9947212934494019 1
0.9963914155960083 1
0.995995044708252 1
0.9770473837852478 1
0.9895210862159729 1
0.993966281414032 1
0.990705132484436 1
0.985474705696106 1
0.9889340996742249 1
0.9940927624702454 1
0.9941019415855408 1
0.9930317997932434 1
0.9748169779777527 1
1.0000001192092896 1
0.9827818870544434 1
0.9836984276771545 1
0.982559859752655 1
0.9881876707077026 1
0.976284921169281 1
0.9854220151901245 1
0.9702765941619873 1
0.9823001623153687 1
0.9861668944358826 1
0.9899284839630127 1
0.9887975454330444 1
0.9892299175262451 1
0.518661618232727 0
0.5495531558990479 0
0.5732855796813965 0
0.6239699125289917 0
0.5709360837936401 0
0.785497784614563 0
0.6650926470756531 0
0.5381851196289062 0
0.40135642886161804 0
0.7062303423881531 0
0.732622504234314 0
0.725783109664917 0
0.6978994011878967 0
0.7454622387886047 0
0.36956366896629333 0
0.3612266480922699 0
0.4050920009613037 0
0.3002472519874573 0
0.3842255771160126 0
0.42694342136383057 0
0.43886643648147583 0
0.39969101548194885 0
0.3770548105239868 0
0.3474041223526001 0
0.33698800206184387 0
0.47641465067863464 0
0.557841956615448 0
0.37445467710494995 0
0.373099148273468 0
0.935244619846344 0
0.9154327511787415 0
0.9383681416511536 0
0.8690161108970642 0
0.9361980557441711 0
0.9106690287590027 0
0.9058632850646973 0
0.9341605305671692 0
0.927629828453064 0
0.9576626420021057 0
0.9481999278068542 0
0.946886420249939 0
0.8901433944702148 0
0.9336334466934204 0
0.8946239948272705 0
0.9627664089202881 0
0.928932785987854 0
0.9496004581451416 0
0.9333217740058899 0
0.9236413240432739 0
0.9337953925132751 0
0.956732451915741 0
0.9283913969993591 0
0.9054053425788879 0
0.8945289850234985 0
0.9347894787788391 0
0.947586178779602 0
0.8605552315711975 0
0.9135955572128296 0
0.8789307475090027 0
0.9036048054695129 0
0.9438518285751343 0
0.9243777394294739 0
0.8676405549049377 0
0.9170165657997131 0
0.8952778577804565 0
0.8464658856391907 0
0.8456721901893616 0
0.926214337348938 0
0.8995299339294434 0
0.9042989015579224 0
0.952582061290741 0
0.958425760269165 0
0.9274272322654724 0
0.8801811337471008 0
0.9456825256347656 0
0.9706853032112122 0
0.929620087146759 0
0.9582260847091675 0
0.9626643061637878 0
0.9472650289535522 0
0.9498264789581299 0
0.9102778434753418 0
0.9722307324409485 0
0.977912425994873 0
0.9326475858688354 0
0.959229052066803 0
0.9158493876457214 0
0.9423526525497437 0
0.9325507879257202 0
0.9237305521965027 0
0.9523314833641052 0
0.973434567451477 0
0.9063717722892761 0
0.928611159324646 0
0.9492204189300537 0
0.9632762670516968 0
0.9407368302345276 0
0.956913948059082 0
0.9267302751541138 0
0.9050391316413879 0
0.9571511745452881 0
0.9022895693778992 0
0.9431954622268677 0
0.9390794038772583 0
0.9660090208053589 0
0.9463410973548889 0
0.9465730786323547 0
0.96250981092453 0
0.95622318983078 0
0.9637266993522644 0
0.7393516898155212 0
0.7058878540992737 0
0.5980843305587769 0
0.6182226538658142 0
0.588668704032898 0
0.5755659341812134 0
0.5906270742416382 0
0.540719211101532 0
0.5224233865737915 0
0.6910231113433838 0
0.489188551902771 0
0.6314197778701782 0
0.5899535417556763 0
0.5873808264732361 0
0.5975810289382935 0
0.4598968029022217 0
0.5297896265983582 0
0.5298676490783691 0
0.5661746859550476 0
0.6268998980522156 0
0.5443539023399353 0
0.5507102608680725 0
0.4333251714706421 0
0.5632359385490417 0
0.5955872535705566 0
0.579695999622345 0
0.6254008412361145 0
0.6500579714775085 0
0.5271785855293274 0
0.6309573650360107 0
0.6473521590232849 0
0.6046408414840698 0
0.6078823208808899 0
0.5913885831832886 0
0.7201564908027649 0
0.5151309967041016 0
0.6895513534545898 0
0.7255678772926331 0
0.5883777141571045 0
0.6728288531303406 0
0.5190183520317078 0
0.6392172574996948 0
0.6691254377365112 0
0.5123828649520874 0
0.4643891453742981 0
0.6396648287773132 0
0.7175780534744263 0
0.5484997630119324 0
0.4773818552494049 0
0.5808876752853394 0
0.6785626411437988 0
0.5928558707237244 0
0.6592955589294434 0
0.6029617190361023 0
0.6521102786064148 0
0.7210256457328796 0
0.6451607346534729 0
0.8056064248085022 0
0.639766275882721 0
0.5542310476303101 0
0.6681537628173828 0
0.5754221677780151 0
0.593680202960968 0
0.4230090379714966 0
0.6721618175506592 0
0.7031259536743164 0
0.6745564937591553 0
0.6648430824279785 0
0.6656922101974487 0
0.6095500588417053 0
0.727107048034668 0
0.641634464263916 0
0.5728366374969482 0
0.48224231600761414 0
0.5436240434646606 0
0.5916205048561096 0
0.9288891553878784 1
0.9084183573722839 1
0.9610134959220886 1
0.9641653299331665 1
0.9846366047859192 1
0.9746770262718201 1
0.8908138871192932 1
0.9546397924423218 1
0.9755833148956299 1
0.9527328014373779 1
0.9407476186752319 1
0.9179821014404297 1
0.7312403321266174 1
0.9646860361099243 1
0.6072816252708435 1
0.6826841235160828 1
0.6179207563400269 1
0.5526686906814575 1
0.6228382587432861 1
0.5734316110610962 1
0.6695473194122314 1
0.6260820031166077 1
0.6286264061927795 1
0.5800240635871887 1
0.5967963337898254 1
0.6019884943962097 1
0.5965273380279541 1
0.7106440663337708 1
0.6729212403297424 1
0.5272935032844543 0
0.4384083151817322 0
0.6235302686691284 0
0.6480445861816406 0
0.6557428240776062 0
0.5192427039146423 0
0.5882136225700378 0
0.605582594871521 0
0.6172536611557007 0
0.6165360808372498 0
0.6224411725997925 0
0.5608871579170227 0
0.5461822152137756 0
0.543556809425354 0
0.5994550585746765 0
0.5383633375167847 0
0.5177343487739563 0
0.6326302886009216 0
0.5785742402076721 0
0.4721513092517853 0
0.58876633644104 0
0.5346765518188477 0
0.5021525621414185 0
0.3944489657878876 0
0.6929090619087219 0
0.5191871523857117 0
0.651631236076355 0
0.3740561008453369 0
0.6161490678787231 0
0.4413694441318512 0
0.5944338440895081 0
0.5355403423309326 0
0.6064708828926086 0
0.593551516532898 0
0.6277773976325989 0
0.617963433265686 0
0.45297878980636597 0
0.5925062298774719 0
0.6176592707633972 0
0.7225661277770996 0
0.618331253528595 0
0.2635270357131958 0
0.4387786388397217 0
0.502052366733551 0
0.5158582329750061 0
0.4823225736618042 0
0.4317626953125 0
0.47973817586898804 0
0.44895607233047485 0
0.503884494304657 0
0.44327905774116516 0
0.46462446451187134 0
0.4651898145675659 0
0.4382878541946411 0
0.4784539043903351 0
0.4789201021194458 0
0.5379588007926941 0
0.49416089057922363 0
0.5239797830581665 0
0.515925407409668 0
0.4331074059009552 0
0.4534071385860443 0
0.5159842371940613 0
0.3922231197357178 0
0.46911367774009705 0
0.44308561086654663 0
0.3961898684501648 0
0.40849414467811584 0
0.6017600893974304 0
0.4903790056705475 0
0.4875534772872925 0
0.49175646901130676 0
0.36524179577827454 0
0.555471658706665 0
0.43971583247184753 0
0.4183962643146515 0
0.5729532241821289 0
0.5217111706733704 0
0.5004372000694275 0
0.3732486665248871 0
0.36701127886772156 0
0.4178224503993988 0
0.5607118606567383 0
0.5278943181037903 0
0.5462966561317444 0
0.5272240042686462 0
0.4392485022544861 0
0.47376295924186707 0
0.5440140962600708 0
0.37424755096435547 0
0.4932200014591217 0
0.4589553773403168 0
0.468668669462204 0
0.42980650067329407 0
0.4288986027240753 0
0.4312274158000946 0
0.4248168468475342 0
0.4268661439418793 0
0.4703148901462555 0
0.48806965351104736 0
0.4704447388648987 0
0.4571768045425415 0
0.5022426843643188 0
0.5060402750968933 0
0.5142964124679565 0
0.4429675340652466 0
0.39694225788116455 0
0.5203772187232971 0
0.6334261298179626 0
0.5802502036094666 0
0.48190033435821533 0
0.5548344850540161 0
0.49997901916503906 0
0.4797278344631195 0
0.369427889585495 0
0.3852531313896179 0
0.4042387008666992 0
0.37861746549606323 0
0.3388332426548004 0
0.38732707500457764 0
0.45839476585388184 0
0.4090854227542877 0
0.4099758267402649 0
0.4699023365974426 0
0.4438599944114685 0
0.4036692976951599 0
0.34738051891326904 0
0.35984593629837036 0
0.3375208377838135 0
0.40308454632759094 0
0.4486965239048004 0
0.386614590883255 0
0.4048265814781189 0
0.3412458598613739 0
0.37571170926094055 0
0.33874067664146423 0
0.3461358845233917 0
0.37455248832702637 0
0.41032707691192627 0
0.33539125323295593 0
0.32624852657318115 0
0.40264585614204407 0
0.3644317388534546 0
0.38962146639823914 0
0.3357245922088623 0
0.44425010681152344 0
0.4770788550376892 0
0.4249204397201538 0
0.349429190158844 0
0.3442884385585785 0
0.398897647857666 0
0.3491749167442322 0
0.4892508089542389 0
0.3760872781276703 0
0.40191081166267395 0
0.3756013512611389 0
0.44535183906555176 1
0.49172383546829224 1
0.5940048098564148 1
0.5434583425521851 1
0.6781387329101562 1
0.466459184885025 1
0.5754551291465759 1
0.655798077583313 1
0.5222393870353699 1
0.6191375851631165 1
0.6389861702919006 1
0.6299564242362976 1
0.6857866048812866 1
0.5354182720184326 1
0.5706179141998291 1
0.9828158617019653 1
0.9788897037506104 1
0.9823175668716431 1
0.9604447484016418 1
0.9907926917076111 1
0.9862465858459473 1
0.9898013472557068 1
0.9918330311775208 1
0.8695805668830872 1
0.9748412370681763 1
0.9917166829109192 1
0.9738088250160217 1
0.9730357527732849 1
0.9958454966545105 1
0.21282853186130524 0
