0.9520377516746521 1
0.9749534130096436 1
0.982715904712677 1
0.9709343910217285 1
0.9469075202941895 1
0.9171581268310547 1
0.9614700675010681 1
0.9307330846786499 1
0.972876787185669 1
0.9768822193145752 1
0.9466844201087952 1
0.9909057021141052 1
0.9879634380340576 1
0.9469854235649109 1
0.9813308119773865 1
0.9200558066368103 1
0.9523924589157104 1
0.9669368267059326 1
0.9683771133422852 1
0.9390082359313965 1
0.9532157778739929 1
0.9516050219535828 1
0.9569553136825562 1
0.9649102687835693 1
0.9668329954147339 1
0.9834795594215393 1
0.9824044108390808 1
0.9601418972015381 1
0.9386893510818481 1
0.9713125824928284 1
0.9836232662200928 1
0.9717693328857422 1
0.9719984531402588 1
0.9856330752372742 1
0.9672899842262268 1
0.9830406308174133 1
0.9777887463569641 1
0.9844686985015869 1
0.9805178642272949 1
0.9708605408668518 1
0.9821645021438599 1
0.9844753742218018 1
0.8031253814697266 0
0.7985725998878479 0
0.8490383625030518 0
0.8439276814460754 0
0.8369127511978149 0
0.8238595724105835 0
0.8086426854133606 0
0.8892574906349182 0
0.8332396745681763 0
0.9064239263534546 0
0.8282392621040344 0
0.8755276799201965 0
0.889363169670105 0
0.8659504652023315 0
0.8757361769676208 0
0.8560356497764587 0
0.8071049451828003 0
0.8753485679626465 0
0.8370586037635803 0
0.8211274743080139 0
0.8277894854545593 0
0.941109836101532 0
0.8115589022636414 0
0.780184805393219 0
0.8037163615226746 0
0.8074302673339844 0
0.7896031737327576 0
0.8359749913215637 0
0.8223525285720825 0
0.8540711402893066 0
0.749075174331665 0
0.8744874596595764 0
0.7851063013076782 0
0.8637285232543945 0
0.7952336072921753 0
0.809294581413269 0
0.8156102299690247 0
0.8536887764930725 0
0.9205127358436584 0
0.7408949136734009 0
0.8337709307670593 0
0.7808563709259033 0
0.8073521256446838 0
0.7215998768806458 0
0.8351582288742065 0
0.803072988986969 0
0.8551951050758362 0
0.8372774124145508 0
0.8729273676872253 0
0.855054497718811 0
0.8187869787216187 0
0.7944992184638977 0
0.7680640816688538 0
0.8021857142448425 0
0.8939830660820007 0
0.9065496921539307 0
0.8125508427619934 0
0.8063204288482666 0
0.853568434715271 0
0.815800666809082 0
0.7611384987831116 0
0.8128551840782166 0
0.7749530673027039 0
0.8566424250602722 0
0.8514969348907471 0
0.7813293933868408 0
0.851079523563385 0
0.8511800765991211 0
0.8646606802940369 0
0.8603633642196655 0
0.7503896951675415 0
0.8096528649330139 0
0.8617232441902161 0
0.8588981032371521 0
0.8858060836791992 0
0.8976138830184937 0
0.806308388710022 0
0.8650174140930176 0
0.873124897480011 0
0.8385066390037537 0
0.9219046235084534 0
0.9173935651779175 0
0.911421000957489 0
0.8419029712677002 0
0.8697248697280884 0
0.8718734383583069 0
0.9101676940917969 0
0.8853018879890442 0
0.881085991859436 0
0.9017311334609985 0
0.8888145089149475 0
0.8650707602500916 0
0.8990916609764099 0
0.8865728378295898 0
0.8398576974868774 0
0.9361534118652344 0
0.8973633646965027 0
0.8763580918312073 0
0.8881616592407227 0
0.8899707794189453 0
0.9229686260223389 0
0.8741257190704346 0
0.8787437677383423 0
0.9002468585968018 0
0.8680735230445862 0
0.9302240610122681 0
0.9145272374153137 0
0.8605766296386719 0
0.8753028512001038 0
0.8627458810806274 0
0.9311510920524597 0
0.8718808889389038 0
0.8931103348731995 0
0.9541841149330139 0
0.37872087955474854 0
0.3557050824165344 0
0.3539811968803406 0
0.3324688971042633 0
0.23369553685188293 0
0.284227579832077 0
0.14000464975833893 0
0.23955127596855164 0
0.31649598479270935 0
0.33200010657310486 0
0.46867841482162476 0
0.36871984601020813 0
0.3855223059654236 0
0.43451693654060364 0
0.3839534819126129 0
0.10134241729974747 0
0.1997276246547699 0
0.19446295499801636 0
0.15755189955234528 0
0.21452294290065765 0
0.13313305377960205 0
0.1707838624715805 0
0.09389998763799667 0
0.16886793076992035 0
0.1596008539199829 0
0.14807042479515076 0
0.16581591963768005 0
0.184443399310112 0
0.1420741230249405 0
0.967751681804657 1
0.9919898509979248 1
0.9214217662811279 1
0.9774169325828552 1
0.9750540852546692 1
0.9631394147872925 1
0.9759474992752075 1
0.8974049091339111 1
0.9873409867286682 1
0.9861081838607788 1
0.9155870676040649 1
0.979836106300354 1
0.992876410484314 1
0.986447274684906 1
0.9858230352401733 1
0.9833120107650757 1
0.9609882235527039 1
0.9624600410461426 1
0.9507693648338318 1
0.9404566884040833 1
0.9677145481109619 1
0.9892958402633667 1
0.9593940377235413 1
0.982055127620697 1
0.9678077101707458 1
0.9880037903785706 1
0.9662991166114807 1
0.9760650992393494 1
0.9657626152038574 1
0.9340531826019287 1
0.9633256196975708 1
0.9222418665885925 1
0.9887663722038269 1
0.981389045715332 1
0.968208909034729 1
0.9701025485992432 1
0.973450243473053 1
0.9868450164794922 1
0.9776082038879395 1
0.9798057079315186 1
0.9519191980361938 1
0.946946382522583 1
0.9818137884140015 1
0.838318407535553 0
0.7676541805267334 0
0.8952975273132324 0
0.8310883045196533 0
0.818021297454834 0
0.9018753170967102 0
0.816715657711029 0
0.7963011860847473 0
0.8426500558853149 0
0.8071685433387756 0
0.8378985524177551 0
0.8441537022590637 0
0.8058034777641296 0
0.8934548497200012 0
0.8638526797294617 0
0.805072009563446 0
0.9015349745750427 0
0.8537980914115906 0
0.7894785404205322 0
0.8396227359771729 0
0.8250521421432495 0
0.8120033144950867 0
0.8313191533088684 0
0.7685262560844421 0
0.9039869904518127 0
0.7709059119224548 0
0.7438672780990601 0
0.8320736885070801 0
0.8448189496994019 0
0.794021725654602 0
0.8052226305007935 0
0.8753862380981445 0
0.8609854578971863 0
0.8683617115020752 0
0.8364830613136292 0
0.8595043420791626 0
0.8510334491729736 0
0.8376694321632385 0
0.8825144171714783 0
0.8580659627914429 0
0.8286770582199097 0
0.8129333257675171 0
0.7008212804794312 0
0.7402150630950928 0
0.8539829850196838 0
0.7712401747703552 0
0.8172999620437622 0
0.7894186973571777 0
0.8343469500541687 0
0.7588995695114136 0
0.7452636361122131 0
0.7285095453262329 0
0.7416099309921265 0
0.8103932738304138 0
0.8091468214988708 0
0.7916991114616394 0
0.8710252642631531 0
0.8370795249938965 0
0.8494582772254944 0
0.8021479845046997 0
0.8830523490905762 0
0.8352828621864319 0
0.8646038174629211 0
0.8398151993751526 0
0.804179847240448 0
0.759904682636261 0
0.8131700754165649 0
0.8517598509788513 0
0.8263411521911621 0
0.803513765335083 0
0.7954542636871338 0
0.7474949359893799 0
0.8851910829544067 0
0.8920753002166748 0
0.8494758009910583 0
0.9056581258773804 0
0.8706867694854736 0
0.8849181532859802 0
0.8549462556838989 0
0.9083729982376099 0
0.8966429829597473 0
0.8937867879867554 0
0.859234631061554 0
0.7981088161468506 0
0.9115786552429199 0
0.8899151086807251 0
0.8903980255126953 0
0.8502904772758484 0
0.8455065488815308 0
0.8531054854393005 0
0.7807982563972473 0
0.8888317346572876 0
0.8888750076293945 0
0.8894534111022949 0
0.9086763262748718 0
0.8853699564933777 0
0.8356751799583435 0
0.9046568274497986 0
0.9117228984832764 0
0.9045439958572388 0
0.8951321244239807 0
0.8779314756393433 0
0.9002769589424133 0
0.8407349586486816 0
0.8927345275878906 0
0.8780173063278198 0
0.8858264088630676 0
0.8774448037147522 0
0.8540570139884949 0
0.8419288396835327 0
0.804113507270813 0
0.895363986492157 0
0.9330266118049622 0
0.9059858918190002 0
0.28739503026008606 0
0.31944549083709717 0
0.2931632101535797 0
0.26541265845298767 0
0.27107423543930054 0
0.42257583141326904 0
0.3766615390777588 0
0.35071566700935364 0
0.3804760277271271 0
0.40075138211250305 0
0.39791354537010193 0
0.5087423920631409 0
0.46128422021865845 0
0.4050855338573456 0
0.50278639793396 0
0.22733236849308014 0
0.21183699369430542 0
0.1752409040927887 0
0.06182815879583359 0
0.16126786172389984 0
0.17593491077423096 0
0.12487165629863739 0
0.15545444190502167 0
0.19491562247276306 0
0.11992178112268448 0
0.167783722281456 0
0.11752141267061234 0
0.24519933760166168 0
0.13086071610450745 0
0.9622103571891785 1
0.9362483620643616 1
0.9787591695785522 1
0.9649827480316162 1
0.9507619738578796 1
0.9255728721618652 1
0.9626344442367554 1
0.9483972787857056 1
0.9548000693321228 1
0.987371027469635 1
0.9454518556594849 1
0.9727050065994263 1
0.9423045516014099 1
0.9807631373405457 1
0.9748506546020508 1
0.9524638652801514 1
0.9661821126937866 1
0.9911067485809326 1
0.9563370943069458 1
0.9668964743614197 1
0.9884307384490967 1
0.9758740067481995 1
0.9739258885383606 1
0.9457858204841614 1
0.9759489893913269 1
0.9618052840232849 1
0.9533163905143738 1
0.9764546751976013 1
0.9583216309547424 1
0.9820747971534729 1
0.9726769924163818 1
0.9570431113243103 1
0.9707154035568237 1
0.9546854496002197 1
0.9746514558792114 1
0.9733965992927551 1
0.9716723561286926 1
0.9850334525108337 1
0.9943904876708984 1
0.9858608245849609 1
0.9752258062362671 1
0.9550656676292419 1
0.8288968205451965 0
0.7951995730400085 0
0.800433874130249 0
0.8160225749015808 0
0.81667160987854 0
0.8958706855773926 0
0.8167295455932617 0
0.8821372389793396 0
0.8414403200149536 0
0.8106145262718201 0
0.9783319234848022 1
0.9807910919189453 1
0.9778558611869812 1
0.9449319243431091 1
0.9906265735626221 1
0.943474531173706 1
0.984900951385498 1
0.9801803231239319 1
0.9746988415718079 1
0.9805665612220764 1
0.971447229385376 1
0.9784093499183655 1
0.9838550686836243 1
0.9784334301948547 1
0.9386236071586609 1
0.9417937994003296 1
0.9313183426856995 1
0.9611314535140991 1
0.9471725821495056 1
0.9603431820869446 1
0.9714488387107849 1
0.9777708053588867 1
0.9797790050506592 1
0.959428608417511 1
0.9720340967178345 1
0.9795529842376709 1
0.9720585942268372 1
0.9818006753921509 1
0.9278958439826965 1
0.9630313515663147 1
0.9895654320716858 1
0.9550586938858032 1
0.8919863700866699 0
0.8744398951530457 0
0.8770769238471985 0
0.9473418593406677 0
0.9353207349777222 0
0.9259882569313049 0
0.8765258193016052 0
0.9258162379264832 0
0.9245107769966125 0
0.9180353283882141 0
0.9152102470397949 0
0.9371480941772461 0
0.8949516415596008 0
0.9060021638870239 0
0.914588451385498 0
0.9305070042610168 0
0.8902667164802551 0
0.9206056594848633 0
0.9040631055831909 0
0.9416568875312805 0
0.8776393532752991 0
0.8709783554077148 0
0.9277786612510681 0
0.9088722467422485 0
0.9341762661933899 0
0.8806474208831787 0
0.9367297887802124 0
0.860564649105072 0
0.927984893321991 0
0.8772786259651184 0
0.9739964604377747 0
0.9577599167823792 0
0.9484694004058838 0
0.9472978115081787 0
0.9312351942062378 0
0.9313494563102722 0
0.9361314177513123 0
0.9494416117668152 0
0.9598429799079895 0
0.9679364562034607 0
0.9390683174133301 0
0.9453476667404175 0
0.9451921582221985 0
0.9422386884689331 0
0.9090883731842041 0
0.9774032235145569 0
0.9305465817451477 0
0.9245310425758362 0
0.9673051834106445 0
0.9720950126647949 0
0.9637882113456726 0
0.9245955348014832 0
0.9495691061019897 0
0.9684805274009705 0
0.9639803767204285 0
0.9379788637161255 0
0.9482516646385193 0
0.9482883214950562 0
0.9583359360694885 0
0.9080287218093872 0
0.9077786803245544 0
0.9726496338844299 0
0.9260938167572021 0
0.955560564994812 0
0.9183956980705261 0
0.9638874530792236 0
0.920811653137207 0
0.9420498013496399 0
0.9780260324478149 0
0.9539107084274292 0
0.9264918565750122 0
0.9686329960823059 0
0.9550458192825317 0
0.5609687566757202 0
0.5609957575798035 0
0.5952129364013672 0
0.5817015767097473 0
0.5969155430793762 0
0.7268885970115662 0
0.645765483379364 0
0.5808475017547607 0
0.453024297952652 0
0.623143196105957 0
0.6427552103996277 0
0.5244340896606445 0
0.5992876291275024 0
0.5003737211227417 0
0.1951339989900589 0
0.2899668514728546 0
0.2520209848880768 0
0.23018261790275574 0
0.2477256953716278 0
0.29854923486709595 0
0.3531312048435211 0
0.2194575071334839 0
0.20820598304271698 0
0.22746048867702484 0
0.25157421827316284 0
0.3294846713542938 0
0.4319687485694885 0
0.2221088856458664 0
0.2990729808807373 0
0.8021190762519836 0
0.8542751669883728 0
0.7833524346351624 0
0.8245118260383606 0
0.8296222686767578 0
0.8838649392127991 0
0.8356813788414001 0
0.8273263573646545 0
0.8825662732124329 0
0.8994221687316895 0
0.8193919062614441 0
0.8424112200737 0
0.8169262409210205 0
0.8630847334861755 0
0.8211462497711182 0
0.8542836308479309 0
0.8646305203437805 0
0.8274925351142883 0
0.8708717226982117 0
0.7607361674308777 0
0.845447838306427 0
0.847665011882782 0
0.8229264616966248 0
0.7815434336662292 0
0.8218897581100464 0
0.8384086489677429 0
0.8735018372535706 0
0.8282884359359741 0
0.851313054561615 0
0.8180712461471558 0
0.7935274243354797 0
0.8265866637229919 0
0.8248469233512878 0
0.8002156615257263 0
0.7898052930831909 0
0.889492928981781 0
0.8219294548034668 0
0.8041900992393494 0
0.8218563199043274 0
0.8008244633674622 0
0.8410532474517822 0
0.8187739849090576 0
0.9735735654830933 1
0.9662672877311707 1
0.9527422785758972 1
0.973137378692627 1
0.9756736159324646 1
0.9650736451148987 1
0.9846150875091553 1
0.984444260597229 1
0.979558527469635 1
0.9534773826599121 1
0.9713079333305359 1
0.9533787965774536 1
0.9592592716217041 1
0.9662107229232788 1
0.9532962441444397 1
0.975954532623291 1
0.9598144888877869 1
0.9818040728569031 1
0.8480547070503235 1
0.9830783605575562 1
0.9863273501396179 1
0.9683780670166016 1
0.9642717838287354 1
0.9794170260429382 1
0.976763129234314 1
0.9673622250556946 1
0.893886923789978 1
0.9725163578987122 1
0.9555275440216064 1
0.9697889089584351 1
0.9772908687591553 1
0.9670345187187195 1
0.9543192386627197 1
0.9715507626533508 1
0.9890846610069275 1
0.9374006986618042 1
0.9542214274406433 1
0.9614459276199341 1
0.9740444421768188 1
0.9791879653930664 1
0.9802284240722656 1
0.9355352520942688 1
0.9005054235458374 0
0.8711029887199402 0
0.8973074555397034 0
0.9530383348464966 0
0.9218369126319885 0
0.9037931561470032 0
0.9264984130859375 0
0.9061062932014465 0
0.9148693680763245 0
0.9354091882705688 0
0.9193968772888184 0
0.9119608998298645 0
0.9072127938270569 0
0.9211364984512329 0
0.9204463958740234 0
0.9258670806884766 0
0.8984724283218384 0
0.8939074277877808 0
0.931169331073761 0
0.9096910953521729 0
0.940306544303894 0
0.8025094866752625 0
0.9400491714477539 0
0.9061217308044434 0
0.9173687100410461 0
0.9294071793556213 0
0.9112259745597839 0
0.9180600643157959 0
0.9164186120033264 0
0.8707204461097717 0
0.9714388847351074 0
0.9651015996932983 0
0.9671024084091187 0
0.9484367370605469 0
0.9360525012016296 0
0.9563984274864197 0
0.9722750186920166 0
0.9453380107879639 0
0.9465187191963196 0
0.9655587077140808 0
0.9469499588012695 0
0.9360319972038269 0
0.939084529876709 0
0.9092757105827332 0
0.8912349939346313 0
0.939509391784668 0
0.9460903406143188 0
0.9619696736335754 0
0.9295529723167419 0
0.9392477869987488 0
0.9285584092140198 0
0.8566418886184692 0
0.9490213394165039 0
0.9419573545455933 0
0.9157638549804688 0
0.9405278563499451 0
0.9414405822753906 0
0.9435253143310547 0
0.8822687268257141 0
0.8917027115821838 0
0.9793721437454224 0
0.9327258467674255 0
0.9470971822738647 0
0.9155696630477905 0
0.9323297739028931 0
0.8921995162963867 0
0.9395003318786621 0
0.907437264919281 0
0.9421862363815308 0
0.9270420670509338 0
0.9249434471130371 0
0.9268044233322144 0
0.9481181502342224 0
0.5090780854225159 0
0.6071539521217346 0
0.5920221209526062 0
0.5517475008964539 0
0.5519106388092041 0
0.4948611557483673 0
0.5793454647064209 0
0.5885998606681824 0
0.5420811176300049 0
0.6058116555213928 0
0.7033937573432922 0
0.6720640659332275 0
0.618855893611908 0
0.5836002230644226 0
0.278542697429657 0
0.3831315040588379 0
0.39500510692596436 0
0.3957483470439911 0
0.271470844745636 0
0.1768764853477478 0
0.3147779405117035 0
0.3134075403213501 0
0.30800795555114746 0
0.3297136127948761 0
0.3231457471847534 0
0.38755014538764954 0
0.25739577412605286 0
0.3869306445121765 0
0.3110111653804779 0
0.7775565385818481 0
0.7588185667991638 0
0.803348183631897 0
0.8509952425956726 0
0.7880977392196655 0
0.8108553886413574 0
0.8265984058380127 0
0.7790002226829529 0
0.8146197199821472 0
0.8114156126976013 0
0.8712093830108643 0
0.6942998766899109 0
0.7663758397102356 0
0.8545147180557251 0
0.7309499979019165 0
0.8722742795944214 0
0.891444206237793 0
0.8587295413017273 0
0.9168221950531006 0
0.8553309440612793 0
0.9129452705383301 0
0.8811949491500854 0
0.8642750382423401 0
0.8413823246955872 0
0.8416401147842407 0
0.7982040643692017 0
0.9366961717605591 0
0.7583569288253784 0
0.8691756129264832 0
0.8509376645088196 0
0.7965932488441467 0
0.7987273931503296 0
0.8662766814231873 0
0.7206405401229858 0
0.8449919819831848 0
0.8282876014709473 0
0.90616375207901 0
0.8284727931022644 0
0.8428341746330261 0
0.9159150719642639 0
0.8031650185585022 0
0.8232465386390686 0
0.9423738121986389 1
0.9623452425003052 1
0.9761965274810791 1
0.9780384302139282 1
0.9632293581962585 1
0.9877969026565552 1
0.9678786993026733 1
0.9784954786300659 1
0.9748035669326782 1
0.9715954661369324 1
0.9759072661399841 1
0.9875370264053345 1
0.9834988713264465 1
0.9568214416503906 1
0.9600781202316284 1
0.9683310985565186 1
0.9341275095939636 1
0.9856103658676147 1
0.9475534558296204 1
0.9452151656150818 1
0.9578569531440735 1
0.9750945568084717 1
0.8954077363014221 1
0.9644688963890076 1
0.9809018969535828 1
0.9708455204963684 1
0.9663679003715515 1
0.9686176776885986 1
0.9759093523025513 1
0.9738945364952087 1
0.9829999208450317 1
0.9647916555404663 1
0.9550667405128479 1
0.9862245321273804 1
0.978284478187561 1
0.9309934973716736 1
0.9611366391181946 1
0.9625729322433472 1
0.9788354635238647 1
0.9774651527404785 1
0.9734629392623901 1
0.9619302749633789 1
0.8840598464012146 0
0.8935322761535645 0
0.9319233298301697 0
0.9369246959686279 0
0.9194046854972839 0
0.9052050709724426 0
0.9150741696357727 0
0.9163914322853088 0
0.8716188669204712 0
0.8929058909416199 0
0.945935070514679 0
0.9140030145645142 0
0.9335102438926697 0
0.9171541333198547 0
0.9200662970542908 0
0.9771162271499634 1
0.9802672863006592 1
0.9560568928718567 1
0.9685556888580322 1
0.9571577310562134 1
0.955890417098999 1
0.9527292251586914 1
0.929109513759613 1
0.9875030517578125 1
0.9825277328491211 1
0.953342854976654 1
0.9638123512268066 1
0.9617234468460083 1
0.9676351547241211 1
0.9829886555671692 1
0.8589494228363037 0
0.9074691534042358 0
0.9116854667663574 0
0.8974015116691589 0
0.9156777858734131 0
0.8922121524810791 0
0.9138498306274414 0
0.8796849250793457 0
0.8721969127655029 0
0.9430828094482422 0
0.9266784191131592 0
0.9309606552124023 0
0.9722474217414856 0
0.9611152410507202 0
0.9501893520355225 0
0.9166978001594543 0
0.929101824760437 0
0.9183148741722107 0
0.9322534799575806 0
0.9400218725204468 0
0.9300180077552795 0
0.9081547260284424 0
0.9151697754859924 0
0.9436907172203064 0
0.9226812720298767 0
0.8788601160049438 0
0.8648563027381897 0
0.9394106268882751 0
0.8693341612815857 0
0.8804954886436462 0
0.9327400326728821 0
0.8711309432983398 0
0.9064081311225891 0
0.9574295282363892 0
0.9261428117752075 0
0.9235355854034424 0
0.9545301795005798 0
0.9435253143310547 0
0.9126205444335938 0
0.9089091420173645 0
0.9078079462051392 0
0.8979034423828125 0
0.5429837107658386 0
0.5537590384483337 0
0.5188038945198059 0
0.4924885630607605 0
0.6057193279266357 0
0.5209306478500366 0
0.5814216136932373 0
0.5496865510940552 0
0.44021207094192505 0
0.6080242991447449 0
0.6367451548576355 0
0.6587823629379272 0
0.49269899725914 0
0.6552825570106506 0
0.43830743432044983 0
0.24101966619491577 0
0.33265405893325806 0
0.2297946959733963 0
0.2337443083524704 0
0.27287912368774414 0
0.16678425669670105 0
0.20313753187656403 0
0.2449532449245453 0
0.27942129969596863 0
0.4114753305912018 0
0.33744439482688904 0
0.2578926682472229 0
0.30417850613594055 0
0.23660068213939667 0
0.8987234830856323 0
0.7520738840103149 0
0.796105146408081 0
0.7606399655342102 0
0.7609272003173828 0
0.8148952722549438 0
0.7923392057418823 0
0.7832561731338501 0
0.9039919972419739 0
0.8628683686256409 0
0.87308269739151 0
0.8570989370346069 0
0.8117607235908508 0
0.7957590818405151 0
0.811932384967804 0
0.8173488974571228 0
0.8433696627616882 0
0.8626426458358765 0
0.8031613826751709 0
0.7434254884719849 0
0.8674553632736206 0
0.8067899346351624 0
0.8042792677879333 0
0.8648025989532471 0
0.7829927206039429 0
0.8043421506881714 0
0.8363867998123169 0
0.7758198976516724 0
0.7286103367805481 0
0.8514398336410522 0
0.861865222454071 0
0.8408524990081787 0
0.7489551901817322 0
0.8406983613967896 0
0.8686692118644714 0
0.8172056674957275 0
0.7976407408714294 0
0.7773720622062683 0
0.8238154649734497 0
0.8442167043685913 0
0.87391197681427 0
0.7463744878768921 0
0.890771746635437 0
0.8806049823760986 0
0.8670889139175415 0
0.9266237020492554 0
0.9059386849403381 0
0.9254233241081238 0
0.885112464427948 0
0.9237401485443115 0
0.9086102843284607 0
0.9316735863685608 0
0.932110071182251 0
0.9048134684562683 0
0.9124839901924133 0
0.893159806728363 0
0.9064394235610962 0
0.9148564338684082 0
0.9354650974273682 0
0.9430071115493774 0
0.9007112383842468 0
0.8768454790115356 0
0.9244471192359924 0
0.9304139614105225 0
0.9125567674636841 0
0.9204656481742859 0
0.9432463049888611 0
0.8845748901367188 0
0.9502114057540894 0
0.9277154207229614 0
0.8604102730751038 0
0.9229506850242615 0
0.893926203250885 0
0.9027407169342041 0
0.9487369060516357 0
0.9267351031303406 0
0.9086606502532959 0
0.9050509333610535 0
0.9085850119590759 0
0.8904768824577332 0
0.9339206218719482 0
0.9078429937362671 0
0.8512890934944153 0
0.9155088067054749 0
0.9278848171234131 0
0.9717363119125366 1
0.9384572505950928 1
0.9753839373588562 1
0.9637516140937805 1
0.9867421984672546 1
0.9899082183837891 1
0.9819879531860352 1
0.9625327587127686 1
0.9810863137245178 1
0.9917173981666565 1
0.9865098595619202 1
0.937133252620697 1
0.9509055018424988 1
0.9724570512771606 1
0.9789565205574036 1
0.9865292906761169 1
0.9852242469787598 1
0.9798874258995056 1
0.9818097352981567 1
0.9916979670524597 1
0.985321044921875 1
0.9846328496932983 1
0.9717117547988892 1
0.9757124185562134 1
0.9849526286125183 1
0.9843645691871643 1
0.9882549047470093 1
0.9913751482963562 1
0.9480783343315125 1
0.9846428632736206 1
0.936482310295105 0
0.9120216369628906 0
0.9400065541267395 0
0.9558337926864624 0
0.9512481689453125 0
0.9530364274978638 0
0.9412960410118103 0
0.9120317697525024 0
0.9206528663635254 0
0.9315346479415894 0
0.869917631149292 0
0.9553883671760559 0
0.8968136310577393 0
0.8642901182174683 0
0.9079462289810181 0
0.9404179453849792 0
0.9522802233695984 0
0.9489258527755737 0
0.9244117140769958 0
0.9387032985687256 0
0.9440305233001709 0
0.9445401430130005 0
0.9719607830047607 0
0.9060730338096619 0
0.9676687717437744 0
0.9301041960716248 0
0.9103100299835205 0
0.9352946877479553 0
0.933584988117218 0
0.9287822246551514 0
0.9609372019767761 0
0.9710462093353271 0
0.9570109248161316 0
0.9116376042366028 0
0.8954248428344727 0
0.9211405515670776 0
0.942746639251709 0
0.9289908409118652 0
0.9126309156417847 0
0.8985194563865662 0
0.9486779570579529 0
0.9412394165992737 0
0.6076508164405823 0
0.5747795701026917 0
0.5337600708007812 0
0.5983539819717407 0
0.5661635398864746 0
0.5064005255699158 0
0.4207373857498169 0
0.4863240420818329 0
0.579598069190979 0
0.5456426739692688 0
0.6108279824256897 0
0.6034387946128845 0
0.5685464143753052 0
0.5481939911842346 0
0.5219110250473022 0
0.2823287546634674 0
0.29730916023254395 0
0.30028170347213745 0
0.2615348994731903 0
0.35586050152778625 0
0.30602994561195374 0
0.32627734541893005 0
0.2244502753019333 0
0.31030893325805664 0
0.24511387944221497 0
0.28681454062461853 0
0.28392842411994934 0
0.3123229146003723 0
0.29729416966438293 0
0.8054473400115967 0
0.8194755911827087 0
0.7645983695983887 0
0.6913074851036072 0
0.8170652389526367 0
0.8234767913818359 0
0.838310182094574 0
0.76522296667099 0
0.8144815564155579 0
0.7874935865402222 0
0.8038657307624817 0
0.8078467845916748 0
0.8343794345855713 0
0.8170037269592285 0
0.8749570846557617 0
0.8488771319389343 0
0.7245567440986633 0
0.8060827851295471 0
0.8160971999168396 0
0.7891848683357239 0
0.8521744012832642 0
0.8960298895835876 0
0.7930988073348999 0
0.8135712146759033 0
0.7921859622001648 0
0.806074857711792 0
0.816588282585144 0
0.8545395135879517 0
0.7283110618591309 0
0.8771636486053467 0
0.8108183741569519 0
0.8766075372695923 0
0.8995215892791748 0
0.8488448858261108 0
0.891883134841919 0
0.8753177523612976 0
0.8737215399742126 0
0.849926769733429 0
0.907608151435852 0
0.8708383440971375 0
0.8478717803955078 0
0.8216027021408081 0
0.9044973850250244 0
0.9593499302864075 0
0.945732593536377 0
0.9747968316078186 0
0.9491087198257446 0
0.959429919719696 0
0.941787600517273 0
0.95172119140625 0
0.9452073574066162 0
0.967886209487915 0
0.9299926161766052 0
0.9653307795524597 0
0.9650315642356873 0
0.9479803442955017 0
0.948550283908844 0
0.9378954172134399 0
0.9553012251853943 0
0.9406681060791016 0
0.9450352191925049 0
0.9023711085319519 0
0.9608854651451111 0
0.8906691670417786 0
0.9429770708084106 0
0.9699435234069824 0
0.8425258994102478 0
0.9626026749610901 0
0.9318841099739075 0
0.8602088093757629 0
0.9139448404312134 0
0.9595168232917786 0
0.935554563999176 0
0.9685304760932922 0
0.9653507471084595 0
0.9454552531242371 0
0.9715991616249084 0
0.9421636462211609 0
0.9554482698440552 0
0.9633601903915405 0
0.9446878433227539 0
0.9346963167190552 0
0.9593391418457031 0
0.9576293230056763 0
0.8907958269119263 0
0.8609541058540344 0
0.8829079866409302 0
0.9411026239395142 0
0.8938568234443665 0
0.9075636267662048 0
0.9630995988845825 0
0.9541293978691101 0
0.9404630661010742 0
0.9187965989112854 0
0.9215455651283264 0
0.9488897919654846 0
0.9408928751945496 0
0.9621723890304565 0
0.9480366706848145 0
0.9411591291427612 0
0.9527915716171265 0
0.9261386394500732 0
0.9627183675765991 0
0.9425469040870667 0
0.94483482837677 0
0.9457519054412842 0
0.9447932839393616 0
0.9456037878990173 0
0.856164276599884 0
0.9483550786972046 0
0.9380267858505249 0
0.9267197847366333 0
0.9411576986312866 0
0.8931476473808289 0
0.8261497616767883 0
0.9887582659721375 1
0.9774019718170166 1
0.9841573238372803 1
0.9633077383041382 1
0.9852091073989868 1
0.9802179336547852 1
0.9874630570411682 1
0.9709513187408447 1
0.9660444259643555 1
0.975794792175293 1
0.9721149802207947 1
0.9528262615203857 1
0.9867244362831116 1
0.9799071550369263 1
0.9691153168678284 1
0.9890271425247192 1
0.9812374711036682 1
0.985661506652832 1
0.9620210528373718 1
0.9683606624603271 1
0.9831792712211609 1
0.9666464924812317 1
0.9909896850585938 1
0.9815583825111389 1
0.987896740436554 1
0.9508616924285889 1
0.9573784470558167 1
0.9835451245307922 1
0.992897629737854 1
0.9884412884712219 1
0.946441650390625 1
0.9524732828140259 1
0.9754661917686462 1
0.9591870903968811 1
0.964847207069397 1
0.9716529250144958 1
0.9576835632324219 1
0.9804884195327759 1
0.9567008018493652 1
0.9855635166168213 1
0.9780369400978088 1
0.9338749051094055 1
0.4642307460308075 0
0.4841250479221344 0
0.4355449676513672 0
0.4207848906517029 0
0.41188859939575195 0
0.6222664713859558 0
0.48447170853614807 0
0.3980901837348938 0
0.4780997931957245 0
0.5233649015426636 0
0.47013917565345764 0
0.5372291803359985 0
0.44138604402542114 0
0.4719200134277344 0
0.5946179032325745 0
0.2291165143251419 0
0.2189272940158844 0
0.18084442615509033 0
0.11048192530870438 0
0.19666416943073273 0
0.15305669605731964 0
0.20671731233596802 0
0.23358015716075897 0
0.29449883103370667 0
0.11074186116456985 0
0.20008553564548492 0
0.15636301040649414 0
0.21800506114959717 0
0.1860479861497879 0
0.9191848039627075 0
0.8773441314697266 0
0.9218788146972656 0
0.8613487482070923 0
0.8895424604415894 0
0.9092689752578735 0
0.8727648258209229 0
0.8730457425117493 0
0.8870090246200562 0
0.846558690071106 0
0.8698994517326355 0
0.889555811882019 0
0.8422433137893677 0
0.8823550343513489 0
0.9269289970397949 0
0.8280966877937317 0
0.8731173276901245 0
0.8986909985542297 0
0.9207957983016968 0
0.8850604295730591 0
0.8840179443359375 0
0.9097287654876709 0
0.89835524559021 0
0.8482969999313354 0
0.9275347590446472 0
0.8770997524261475 0
0.9209811687469482 0
0.8899117112159729 0
0.9468846321105957 0
0.8887245655059814 0
0.8842262625694275 0
0.8855810165405273 0
0.7821981906890869 0
0.8580300211906433 0
0.9019203782081604 0
0.8879568576812744 0
0.8976942896842957 0
0.8339946866035461 0
0.8755895495414734 0
0.9099840521812439 0
0.8980796933174133 0
0.8708488941192627 0
0.9311762452125549 0
0.9303630590438843 0
0.9285624623298645 0
0.9490941762924194 0
0.9213830232620239 0
0.9659292101860046 0
0.9410435557365417 0
0.9841837286949158 0
0.9516251087188721 0
0.916018545627594 0
0.9568469524383545 0
0.9537742137908936 0
0.9447126388549805 0
0.9496638178825378 0
0.9338062405586243 0
0.938038170337677 0
0.9359482526779175 0
0.9629915356636047 0
0.9248042106628418 0
0.9501864314079285 0
0.9363476037979126 0
0.970481812953949 0
0.940794050693512 0
0.9467326998710632 0
0.9677157998085022 0
0.9606606364250183 0
0.9465227723121643 0
0.9313561916351318 0
0.9241893887519836 0
0.9338635206222534 0
0.8867042064666748 0
0.9330438375473022 0
0.9405419230461121 0
0.9218860268592834 0
0.9585345387458801 0
0.9465401768684387 0
0.9412805438041687 0
0.9779955744743347 0
0.916056215763092 0
0.9319632649421692 0
0.9496166110038757 0
0.9269163608551025 0
0.9043359160423279 0
0.8720923066139221 0
0.9025631546974182 0
0.9391496181488037 0
0.902119517326355 0
0.9263017773628235 0
0.9646235704421997 0
0.8877390027046204 0
0.9411386251449585 0
0.9310245513916016 0
0.9284151196479797 0
0.9409244656562805 0
0.9252945184707642 0
0.9463327527046204 0
0.950080394744873 0
0.9583289623260498 0
0.9333592653274536 0
0.9388227462768555 0
0.8958167433738708 0
0.9487490653991699 0
0.9160957336425781 0
0.9642300605773926 0
0.9586107730865479 0
0.9657101035118103 0
0.9404991269111633 0
0.9227614998817444 0
0.9235994815826416 0
0.9219779372215271 0
0.884252667427063 0
0.918194055557251 0
0.9650503396987915 1
0.9789092540740967 1
0.9488621950149536 1
0.9913338422775269 1
0.9914954304695129 1
0.9536258578300476 1
0.9856590628623962 1
0.9888255000114441 1
0.9789164066314697 1
0.9653558135032654 1
0.9786697030067444 1
0.9856196045875549 1
0.9790185689926147 1
0.986777663230896 1
0.9677258729934692 1
0.9857626557350159 1
0.9861858487129211 1
0.9840912222862244 1
0.9866626262664795 1
0.9905489087104797 1
0.9711291193962097 1
0.9880208373069763 1
0.9906983971595764 1
0.9823319911956787 1
0.9825468063354492 1
0.9764586091041565 1
0.9882460236549377 1
0.9928876757621765 1
0.9960606694221497 1
0.9757328629493713 1
1.0 1
0.9852543473243713 1
0.9738138318061829 1
0.9662606716156006 1
0.9851235151290894 1
0.9719297885894775 1
0.9719293713569641 1
0.9784542918205261 1
0.9837821125984192 1
0.975454568862915 1
0.9860782623291016 1
0.9654707312583923 1
0.9917096495628357 1
0.5824100375175476 0
0.6108037233352661 0
0.6206637024879456 0
0.4853578209877014 0
0.43711531162261963 0
0.6861124634742737 0
0.5692006349563599 0
0.3492981791496277 0
0.2554899752140045 0
0.6365222930908203 0
0.568472146987915 0
0.455295205116272 0
0.5624293684959412 0
0.4694701135158539 0
0.2346498817205429 0
0.2168717235326767 0
0.194737508893013 0
0.20311731100082397 0
0.12481680512428284 0
0.23069079220294952 0
0.2512083649635315 0
0.16187970340251923 0
0.15874584019184113 0
0.17733238637447357 0
0.17896491289138794 0
0.2239244431257248 0
0.27412736415863037 0
0.12579631805419922 0
0.15420393645763397 0
0.906237006187439 0
0.8869759440422058 0
0.8869526386260986 0
0.8564116954803467 0
0.910614013671875 0
0.8755397796630859 0
0.872620165348053 0
0.8895318508148193 0
0.9174466729164124 0
0.9399176836013794 0
0.8979506492614746 0
0.9311928153038025 0
0.8788142800331116 0
0.9063421487808228 0
0.8593959212303162 0
0.9458695650100708 0
0.8935602903366089 0
0.8886406421661377 0
0.9312212467193604 0
0.8992753028869629 0
0.9236475825309753 0
0.9194785356521606 0
0.8800578713417053 0
0.8783589601516724 0
0.8623628616333008 0
0.8906895518302917 0
0.9348670840263367 0
0.879119336605072 0
0.8792362809181213 0
0.8907043933868408 0
0.8517667055130005 0
0.922213077545166 0
0.9067297577857971 0
0.8275431394577026 0
0.861581563949585 0
0.8169223666191101 0
0.8815866112709045 0
0.8304661512374878 0
0.8765788078308105 0
0.8639607429504395 0
0.8893786668777466 0
0.902633786201477 0
0.9160048365592957 0
0.9179665446281433 0
0.887729823589325 0
0.939935028553009 0
0.9699800610542297 0
0.9114485383033752 0
0.9639431238174438 0
0.9517322778701782 0
0.926374077796936 0
0.9618308544158936 0
0.9439064264297485 0
0.9623319506645203 0
0.9793463945388794 0
0.9441733360290527 0
0.9356492161750793 0
0.9397754073143005 0
0.9229627251625061 0
0.9330745935440063 0
0.9348680377006531 0
0.9556604623794556 0
0.968815803527832 0
0.9184059500694275 0
0.9357736110687256 0
0.957797110080719 0
0.9438969492912292 0
0.955733060836792 0
0.9303309321403503 0
0.9198163151741028 0
0.8630291819572449 0
0.9381878972053528 0
0.8598567247390747 0
0.919895589351654 0
0.9177806973457336 0
0.9560887217521667 0
0.9297428131103516 0
0.869861900806427 0
0.9505636692047119 0
0.9582651257514954 0
0.9701942205429077 0
0.5738544464111328 0
0.5641308426856995 0
0.45559102296829224 0
0.5985735654830933 0
0.5749880075454712 0
0.513032853603363 0
0.5114606618881226 0
0.6056088805198669 0
0.5219010710716248 0
0.5783166885375977 0
0.4699897766113281 0
0.6119635105133057 0
0.5657417178153992 0
0.5449529886245728 0
0.60078364610672 0
0.5016288757324219 0
0.4992503225803375 0
0.5440253615379333 0
0.5696806907653809 0
0.5350950956344604 0
0.5564707517623901 0
0.5319041609764099 0
0.5017936825752258 0
0.5522353649139404 0
0.6710779666900635 0
0.5145229697227478 0
0.5857251882553101 0
0.6045864820480347 0
0.45390215516090393 0
0.5171644687652588 0
0.5146773457527161 0
0.4974907636642456 0
0.6194341778755188 0
0.453706830739975 0
0.46121108531951904 0
0.39116424322128296 0
0.44598209857940674 0
0.5071110725402832 0
0.45831936597824097 0
0.5248461961746216 0
0.42310574650764465 0
0.48731550574302673 0
0.412762314081192 0
0.3321074843406677 0
0.3725297152996063 0
0.4540369510650635 0
0.59012770652771 0
0.47049474716186523 0
0.453998863697052 0
0.47421103715896606 0
0.6572822332382202 0
0.4805930256843567 0
0.43645840883255005 0
0.38580864667892456 0
0.5837212800979614 0
0.605246365070343 0
0.5260465741157532 0
0.7522953748703003 0
0.5043622255325317 0
0.3664551377296448 0
0.523996114730835 0
0.47268110513687134 0
0.44310927391052246 0
0.2368648499250412 0
0.40977010130882263 0
0.5711837410926819 0
0.5913830995559692 0
0.5455192923545837 0
0.44687512516975403 0
0.5237278342247009 0
0.5957706570625305 0
0.46554049849510193 0
0.41168197989463806 0
0.34994205832481384 0
0.3326321542263031 0
0.4188401401042938 0
0.9160168766975403 1
0.9316968321800232 1
0.9643337726593018 1
0.9754582643508911 1
0.9664257764816284 1
0.9678512811660767 1
0.9041163325309753 1
0.9633359909057617 1
0.9785293340682983 1
0.9694356322288513 1
0.9248175024986267 1
0.9094837307929993 1
0.789392352104187 1
0.9749276638031006 1
0.699114978313446 1
0.6981711387634277 1
0.5968090891838074 1
0.5911060571670532 1
0.6501491665840149 1
0.565221905708313 1
0.7306837439537048 1
0.6067875623703003 1
0.6277080774307251 1
0.5927814841270447 1
0.6103432178497314 1
0.617973268032074 1
0.642438530921936 1
0.6641793847084045 1
0.6763129234313965 1
0.36010199785232544 0
0.3062038719654083 0
0.4242980182170868 0
0.5402724742889404 0
0.5220850706100464 0
0.3823230266571045 0
0.4755856990814209 0
0.45875874161720276 0
0.39564600586891174 0
0.501781165599823 0
0.49575045704841614 0
0.4893902540206909 0
0.33339032530784607 0
0.41352373361587524 0
0.49662572145462036 0
0.42044010758399963 0
0.352961003780365 0
0.47204652428627014 0
0.4069710373878479 0
0.3713780343532562 0
0.40655839443206787 0
0.4130905270576477 0
0.4024973511695862 0
0.2883276045322418 0
0.5269814133644104 0
0.3372185230255127 0
0.45802295207977295 0
0.19713377952575684 0
0.4739028811454773 0
0.3675532639026642 0
0.42206093668937683 0
0.4568893611431122 0
0.4044429361820221 0
0.44574183225631714 0
0.4235064685344696 0
0.476299524307251 0
0.3140987157821655 0
0.48647186160087585 0
0.378909707069397 0
0.5751758217811584 0
0.509901225566864 0
0.11092664301395416 0
0.25135722756385803 0
0.3216475248336792 0
0.3251292109489441 0
0.3056735694408417 0
0.26852136850357056 0
0.25717467069625854 0
0.2524295747280121 0
0.30805259943008423 0
0.259449303150177 0
0.268550843000412 0
0.2946992814540863 0
0.19729626178741455 0
0.3048640787601471 0
0.3120017647743225 0
0.37555640935897827 0
0.2826005220413208 0
0.29997384548187256 0
0.3226216435432434 0
0.25062689185142517 0
0.22123084962368011 0
0.2916930615901947 0
0.22300101816654205 0
0.27749449014663696 0
0.2756081223487854 0
0.21452268958091736 0
0.2702201008796692 0
0.3728514015674591 0
0.29250189661979675 0
0.3562025725841522 0
0.3133929967880249 0
0.23624052107334137 0
0.32188019156455994 0
0.27469944953918457 0
0.27928274869918823 0
0.34361398220062256 0
0.3117959499359131 0
0.27419453859329224 0
0.18269142508506775 0
0.1880892515182495 0
0.24754168093204498 0
0.3502836525440216 0
0.24006207287311554 0
0.31511273980140686 0
0.3141600489616394 0
0.24868978559970856 0
0.2757701277732849 0
0.3253205418586731 0
0.23312894999980927 0
0.2863709032535553 0
0.27381521463394165 0
0.2568496763706207 0
0.27144843339920044 0
0.20823796093463898 0
0.22017498314380646 0
0.1615637093782425 0
0.23858173191547394 0
0.2843684256076813 0
0.3169621229171753 0
0.3490239381790161 0
0.22134239971637726 0
0.29893043637275696 0
0.33496591448783875 0
0.30192720890045166 0
0.22381405532360077 0
0.22052308917045593 0
0.30186179280281067 0
0.38351041078567505 0
0.27526021003723145 0
0.28252461552619934 0
0.37228742241859436 0
0.3145257830619812 0
0.2560887038707733 0
0.1549333781003952 0
0.16476011276245117 0
0.24449150264263153 0
0.19309808313846588 0
0.1578219085931778 0
0.21366900205612183 0
0.2369375377893448 0
0.13380461931228638 0
0.19164004921913147 0
0.20775917172431946 0
0.2725293040275574 0
0.23672480881214142 0
0.17629969120025635 0
0.1680487096309662 0
0.20395785570144653 0
0.22975683212280273 0
0.21521633863449097 0
0.2101026326417923 0
0.2233808934688568 0
0.18816159665584564 0
0.21758872270584106 0
0.11371133476495743 0
0.2064514011144638 0
0.17387066781520844 0
0.26624757051467896 0
0.18863840401172638 0
0.12399429082870483 0
0.20268584787845612 0
0.18773968517780304 0
0.21663455665111542 0
0.1600889265537262 0
0.40206965804100037 0
0.2760939300060272 0
0.1996874213218689 0
0.16125158965587616 0
0.1837696135044098 0
0.16136038303375244 0
0.17068812251091003 0
0.3001249432563782 0
0.2417294681072235 0
0.21158678829669952 0
0.19866125285625458 0
0.6167606711387634 1
0.643792450428009 1
0.6507189869880676 1
0.671410083770752 1
0.6833897233009338 1
0.5968559384346008 1
0.697500467300415 1
0.7241275906562805 1
0.6329676508903503 1
0.6778830885887146 1
0.6147087216377258 1
0.5679872632026672 1
0.6604462265968323 1
0.5973817706108093 1
0.6059113144874573 1
0.9764440655708313 1
0.9685482978820801 1
0.9935691356658936 1
0.9721564650535583 1
0.9925068020820618 1
0.975304901599884 1
0.9850812554359436 1
0.9926534295082092 1
0.9471874237060547 1
0.9665069580078125 1
0.9884965419769287 1
0.9876749515533447 1
0.984899640083313 1
0.9942094683647156 1
0.19983921945095062 0
