0.9663271307945251 1
0.9850420355796814 1
0.9842947721481323 1
0.9851644039154053 1
0.9556775689125061 1
0.9422289729118347 1
0.9740191102027893 1
0.9435936808586121 1
0.9814599752426147 1
0.9887076020240784 1
0.9418507218360901 1
0.9805580973625183 1
0.9850420951843262 1
0.9549558758735657 1
0.9887802004814148 1
0.9471929669380188 1
0.9792678356170654 1
0.9652939438819885 1
0.9659816026687622 1
0.9471749663352966 1
0.9613341689109802 1
0.9673824310302734 1
0.9693561792373657 1
0.9737939834594727 1
0.9747222661972046 1
0.9821987748146057 1
0.9874042272567749 1
0.9783340692520142 1
0.9613714814186096 1
0.9682368040084839 1
0.9852598309516907 1
0.9818760752677917 1
0.9809237718582153 1
0.9905886054039001 1
0.9668073654174805 1
0.9836731553077698 1
0.9884525537490845 1
0.9891350269317627 1
0.9876905679702759 1
0.9410008788108826 1
0.9726076722145081 1
0.989145040512085 1
0.7364641427993774 0
0.7504295706748962 0
0.8261109590530396 0
0.7919108271598816 0
0.794987678527832 0
0.793957531452179 0
0.7753753066062927 0
0.8639571070671082 0
0.813970685005188 0
0.8550618290901184 0
0.7549325227737427 0
0.8857586979866028 0
0.8741997480392456 0
0.8353861570358276 0
0.8542987704277039 0
0.8355566263198853 0
0.7793062925338745 0
0.8437614440917969 0
0.8263928890228271 0
0.7836264371871948 0
0.7821215987205505 0
0.9241279363632202 0
0.8213363289833069 0
0.7667443156242371 0
0.7867202162742615 0
0.7798333168029785 0
0.7403049468994141 0
0.7266004085540771 0
0.8134570121765137 0
0.825716495513916 0
0.683936357498169 0
0.8574775457382202 0
0.719073474407196 0
0.8112475275993347 0
0.7405962944030762 0
0.7958977818489075 0
0.7696375250816345 0
0.8108094930648804 0
0.9124125242233276 0
0.6418728232383728 0
0.7841330170631409 0
0.7251390218734741 0
0.750908613204956 0
0.6837828755378723 0
0.8226691484451294 0
0.7797439098358154 0
0.8489297032356262 0
0.8243687748908997 0
0.8282379508018494 0
0.845612108707428 0
0.8097973465919495 0
0.7884724736213684 0
0.6941708922386169 0
0.7756946086883545 0
0.8626676797866821 0
0.869530439376831 0
0.7969266176223755 0
0.791396975517273 0
0.7876041531562805 0
0.7832337617874146 0
0.7521916031837463 0
0.8061694502830505 0
0.7608985900878906 0
0.8380568623542786 0
0.8252180814743042 0
0.8008049726486206 0
0.8504881858825684 0
0.8388109803199768 0
0.8410296440124512 0
0.8471975922584534 0
0.7204535603523254 0
0.7936717867851257 0
0.8502263426780701 0
0.8429082036018372 0
0.8933472633361816 0
0.8754095435142517 0
0.7877990007400513 0
0.8234753012657166 0
0.8269290924072266 0
0.8405438661575317 0
0.8958151936531067 0
0.8907723426818848 0
0.8703699111938477 0
0.8795269131660461 0
0.883104145526886 0
0.8625290393829346 0
0.9097020030021667 0
0.8763072490692139 0
0.8544729948043823 0
0.9001437425613403 0
0.8859963417053223 0
0.86850506067276 0
0.8910074234008789 0
0.8698658347129822 0
0.8416141271591187 0
0.9381062984466553 0
0.8952272534370422 0
0.8323069214820862 0
0.8722467422485352 0
0.8540276885032654 0
0.8970386385917664 0
0.8645623326301575 0
0.867645800113678 0
0.9018262028694153 0
0.8449400663375854 0
0.9389672875404358 0
0.9061456322669983 0
0.8491213917732239 0
0.8588800430297852 0
0.8472349047660828 0
0.9120021462440491 0
0.8960708379745483 0
0.8550660014152527 0
0.9457530379295349 0
0.2648753821849823 0
0.21391241252422333 0
0.1869247853755951 0
0.2377520203590393 0
0.16474637389183044 0
0.16752927005290985 0
0.04467162489891052 0
0.13965320587158203 0
0.17324024438858032 0
0.35599425435066223 0
0.4304783046245575 0
0.4431208372116089 0
0.3808939456939697 0
0.34922659397125244 0
0.43163439631462097 0
0.11497924476861954 0
0.1228514239192009 0
0.009162236005067825 0
0.06447980552911758 0
0.21196866035461426 0
0.12256768345832825 0
0.15010249614715576 0
0.0760977491736412 0
0.12699510157108307 0
0.08433622866868973 0
0.10914916545152664 0
0.07494794577360153 0
0.05601605772972107 0
0.1299612820148468 0
0.9864697456359863 1
0.9923043251037598 1
0.9335309267044067 1
0.9834107756614685 1
0.978998601436615 1
0.9413484930992126 1
0.9610254764556885 1
0.9472554922103882 1
0.9872405529022217 1
0.9831550121307373 1
0.9696499705314636 1
0.9931650757789612 1
0.988495945930481 1
0.9860990643501282 1
0.9903761744499207 1
0.9851229190826416 1
0.9636368751525879 1
0.9720051884651184 1
0.9544913172721863 1
0.9599912762641907 1
0.9739859104156494 1
0.9858821034431458 1
0.9698116183280945 1
0.9844419360160828 1
0.9612759351730347 1
0.9945158958435059 1
0.9463561177253723 1
0.9777106642723083 1
0.9660869240760803 1
0.9582427740097046 1
0.9538164734840393 1
0.9333065748214722 1
0.9913409352302551 1
0.9851665496826172 1
0.9832047820091248 1
0.9725058674812317 1
0.9745907187461853 1
0.9876955151557922 1
0.9818028807640076 1
0.9902181029319763 1
0.9702138304710388 1
0.9451550245285034 1
0.9873901009559631 1
0.8160176277160645 0
0.7001088857650757 0
0.8874351382255554 0
0.8125872015953064 0
0.8412176966667175 0
0.8892667889595032 0
0.7689875960350037 0
0.7487663626670837 0
0.8123447299003601 0
0.7883771061897278 0
0.8211032748222351 0
0.8574195504188538 0
0.796093761920929 0
0.8618538975715637 0
0.83488529920578 0
0.8092762231826782 0
0.8787047266960144 0
0.7887118458747864 0
0.7743914127349854 0
0.8491473197937012 0
0.8335679173469543 0
0.7854397296905518 0
0.7955350279808044 0
0.6687906980514526 0
0.8869983553886414 0
0.7401982545852661 0
0.6323858499526978 0
0.7890580892562866 0
0.8089599013328552 0
0.7755947113037109 0
0.7594689726829529 0
0.8714585304260254 0
0.858630895614624 0
0.853021502494812 0
0.79728764295578 0
0.8846702575683594 0
0.8112603425979614 0
0.8377197980880737 0
0.8487775921821594 0
0.8405765891075134 0
0.8032450079917908 0
0.7734281420707703 0
0.7040489912033081 0
0.7059994339942932 0
0.8115782737731934 0
0.7506513595581055 0
0.7881055474281311 0
0.80238276720047 0
0.7835624814033508 0
0.7685577869415283 0
0.7060671448707581 0
0.7237942218780518 0
0.7047258019447327 0
0.8292625546455383 0
0.8236045837402344 0
0.7680003046989441 0
0.8305842280387878 0
0.8220705389976501 0
0.8249836564064026 0
0.7942012548446655 0
0.8366389274597168 0
0.8261917233467102 0
0.8542699217796326 0
0.8310703635215759 0
0.7992725372314453 0
0.7390011548995972 0
0.8045794367790222 0
0.8887985944747925 0
0.8233773112297058 0
0.8063605427742004 0
0.7770178914070129 0
0.7346611022949219 0
0.8712710738182068 0
0.856704592704773 0
0.8365815877914429 0
0.9246183633804321 0
0.8471936583518982 0
0.847459077835083 0
0.8524346947669983 0
0.8969190716743469 0
0.862040102481842 0
0.8898271322250366 0
0.848881185054779 0
0.7697468996047974 0
0.9196314811706543 0
0.8795523047447205 0
0.8563591241836548 0
0.8575609922409058 0
0.8263329863548279 0
0.8740177750587463 0
0.8108966946601868 0
0.8565940260887146 0
0.888978898525238 0
0.8742520213127136 0
0.8995582461357117 0
0.8755530714988708 0
0.8199787735939026 0
0.8561727404594421 0
0.9169448614120483 0
0.9089304208755493 0
0.9010164141654968 0
0.9033860564231873 0
0.8645409345626831 0
0.8397760391235352 0
0.8568252325057983 0
0.8711447715759277 0
0.8609883785247803 0
0.8658598065376282 0
0.8354188799858093 0
0.8361961245536804 0
0.8198567628860474 0
0.8795230388641357 0
0.9362937808036804 0
0.8956634998321533 0
0.19723381102085114 0
0.16606813669204712 0
0.2856582999229431 0
0.1333397775888443 0
0.2065369188785553 0
0.33614128828048706 0
0.31354349851608276 0
0.2152770310640335 0
0.36996906995773315 0
0.38153284788131714 0
0.3801383376121521 0
0.49253273010253906 0
0.4937249720096588 0
0.3090381622314453 0
0.48788145184516907 0
0.23533594608306885 0
0.1568007469177246 0
0.13348691165447235 0
-0.005225351545959711 0
0.1596347689628601 0
0.09969177842140198 0
0.008698325604200363 0
0.11572633683681488 0
0.08742015063762665 0
0.036133211106061935 0
0.062427226454019547 0
-0.029929470270872116 0
0.19628381729125977 0
-0.016095414757728577 0
0.97175133228302 1
0.9606183171272278 1
0.9720388650894165 1
0.988011360168457 1
0.9615697264671326 1
0.9257661700248718 1
0.9491726160049438 1
0.9327086210250854 1
0.9572033286094666 1
0.9812291860580444 1
0.9817842245101929 1
0.979682207107544 1
0.9676795601844788 1
0.9744436740875244 1
0.9845582842826843 1
0.9747819304466248 1
0.9800945520401001 1
0.9922493696212769 1
0.9795601963996887 1
0.9772586226463318 1
0.9896199703216553 1
0.9845829606056213 1
0.9865770936012268 1
0.9476361870765686 1
0.9647244215011597 1
0.946139395236969 1
0.9710561633110046 1
0.9762054681777954 1
0.9714245200157166 1
0.9786901473999023 1
0.9790671467781067 1
0.963699460029602 1
0.9787346720695496 1
0.9560315012931824 1
0.969091534614563 1
0.9755913615226746 1
0.9570754170417786 1
0.9911748766899109 1
0.9877309799194336 1
0.9765141606330872 1
0.9851557016372681 1
0.970561683177948 1
0.7689265012741089 0
0.741741955280304 0
0.7371556162834167 0
0.7963029146194458 0
0.7860915660858154 0
0.8752754330635071 0
0.7566088438034058 0
0.8801808953285217 0
0.8131986260414124 0
0.7746741771697998 0
0.989433765411377 1
0.9750832319259644 1
0.9756280183792114 1
0.9177032709121704 1
0.9874891042709351 1
0.94010990858078 1
0.9862154126167297 1
0.9616763591766357 1
0.9684450626373291 1
0.9677924513816833 1
0.9636738300323486 1
0.9605315923690796 1
0.9855685830116272 1
0.9725647568702698 1
0.9301196336746216 1
0.9579634070396423 1
0.9307820200920105 1
0.9228221774101257 1
0.9423813819885254 1
0.9320855736732483 1
0.9520512819290161 1
0.9795207381248474 1
0.9712960124015808 1
0.965731680393219 1
0.9612401723861694 1
0.9833633303642273 1
0.9702804684638977 1
0.9868659377098083 1
0.9383967518806458 1
0.9357481598854065 1
0.988239586353302 1
0.9686636924743652 1
0.8844772577285767 0
0.8315171003341675 0
0.8515214323997498 0
0.9416660666465759 0
0.9268345832824707 0
0.9254624247550964 0
0.9348937273025513 0
0.9395188093185425 0
0.912050187587738 0
0.9193335175514221 0
0.884706974029541 0
0.9103701710700989 0
0.8919590711593628 0
0.8647313714027405 0
0.9075435400009155 0
0.953288197517395 0
0.9183706045150757 0
0.922840416431427 0
0.9044783711433411 0
0.9586614370346069 0
0.8688793182373047 0
0.870437741279602 0
0.9071212410926819 0
0.8908803462982178 0
0.9152571558952332 0
0.8883548378944397 0
0.8876814246177673 0
0.8677222728729248 0
0.8957526683807373 0
0.8663580417633057 0
0.9568620324134827 0
0.9292293787002563 0
0.9275041818618774 0
0.9555800557136536 0
0.9214327335357666 0
0.9430482387542725 0
0.9288725852966309 0
0.9507527351379395 0
0.9503005146980286 0
0.9772710800170898 0
0.9398277401924133 0
0.9558994174003601 0
0.9424155950546265 0
0.9426637291908264 0
0.8876318335533142 0
0.9733964204788208 0
0.9417977929115295 0
0.9029783606529236 0
0.9738079905509949 0
0.9669763445854187 0
0.951122522354126 0
0.8980333805084229 0
0.9429036974906921 0
0.9678429961204529 0
0.953853189945221 0
0.9264633655548096 0
0.9453897476196289 0
0.9602818489074707 0
0.9517067670822144 0
0.8625283241271973 0
0.8839771151542664 0
0.9604834318161011 0
0.9221706986427307 0
0.9420280456542969 0
0.9298570156097412 0
0.9508869051933289 0
0.9163387417793274 0
0.948004961013794 0
0.9697548747062683 0
0.9596295952796936 0
0.912452757358551 0
0.9556246995925903 0
0.9416748881340027 0
0.5208522081375122 0
0.4696955382823944 0
0.6269530057907104 0
0.5865927338600159 0
0.5282827615737915 0
0.7121488451957703 0
0.6638532876968384 0
0.6562442779541016 0
0.4372428059577942 0
0.5853390097618103 0
0.7008529901504517 0
0.5749337673187256 0
0.5815808773040771 0
0.6151261329650879 0
0.22161373496055603 0
0.307701975107193 0
0.2605610489845276 0
0.23836514353752136 0
0.24250665307044983 0
0.26565027236938477 0
0.2896759510040283 0
0.23809248208999634 0
0.24892880022525787 0
0.24760432541370392 0
0.27549082040786743 0
0.3744237422943115 0
0.4835883378982544 0
0.29050689935684204 0
0.35865363478660583 0
0.7820624709129333 0
0.8062349557876587 0
0.7571449279785156 0
0.7813472747802734 0
0.7828837633132935 0
0.824302613735199 0
0.8273817896842957 0
0.7944701910018921 0
0.8387697339057922 0
0.8693403601646423 0
0.7605865597724915 0
0.8118540644645691 0
0.776523768901825 0
0.8491593599319458 0
0.785524308681488 0
0.8348356485366821 0
0.8434978723526001 0
0.8287155628204346 0
0.8444066047668457 0
0.7417035102844238 0
0.7763540148735046 0
0.8520318269729614 0
0.8267633318901062 0
0.7620527744293213 0
0.8314563632011414 0
0.80565345287323 0
0.8713675737380981 0
0.7824426293373108 0
0.823961079120636 0
0.8026187419891357 0
0.7359744310379028 0
0.7935590744018555 0
0.8212518692016602 0
0.7200205326080322 0
0.7422873377799988 0
0.836962103843689 0
0.834477961063385 0
0.7595497965812683 0
0.8313373327255249 0
0.7404801845550537 0
0.803482174873352 0
0.8163673281669617 0
0.9498159289360046 1
0.9476082921028137 1
0.9485623836517334 1
0.9714456796646118 1
0.9694833159446716 1
0.9750053286552429 1
0.9756655693054199 1
0.9692537784576416 1
0.9647541046142578 1
0.9711154103279114 1
0.9578582048416138 1
0.9508630633354187 1
0.9591848254203796 1
0.9612919092178345 1
0.9435262084007263 1
0.9521188735961914 1
0.9570167660713196 1
0.9738144874572754 1
0.8660609126091003 1
0.9888694882392883 1
0.9744219779968262 1
0.9526763558387756 1
0.9676265120506287 1
0.9819014072418213 1
0.9820698499679565 1
0.9215087890625 1
0.9272449016571045 1
0.9561876654624939 1
0.9344091415405273 1
0.9551746845245361 1
0.9673888683319092 1
0.963535726070404 1
0.963405966758728 1
0.9564051628112793 1
0.9837376475334167 1
0.9186404347419739 1
0.9668757319450378 1
0.949891209602356 1
0.980442464351654 1
0.9784461259841919 1
0.9694624543190002 1
0.9239127039909363 1
0.8829536437988281 0
0.829511821269989 0
0.9043530225753784 0
0.9455199837684631 0
0.9292317032814026 0
0.8983668088912964 0
0.9128716588020325 0
0.9180158376693726 0
0.8911599516868591 0
0.9400838613510132 0
0.9037196040153503 0
0.937060534954071 0
0.8745557069778442 0
0.9261482357978821 0
0.9456385374069214 0
0.9217685461044312 0
0.8484259247779846 0
0.8771906495094299 0
0.9370812177658081 0
0.9171158671379089 0
0.9322007894515991 0
0.8204045295715332 0
0.9320834279060364 0
0.8726040720939636 0
0.9103765487670898 0
0.9304400086402893 0
0.8646847009658813 0
0.8894485235214233 0
0.8665902018547058 0
0.872970461845398 0
0.9614108204841614 0
0.9527790546417236 0
0.9509202241897583 0
0.9121033549308777 0
0.9397372603416443 0
0.928873598575592 0
0.9519484639167786 0
0.9214950203895569 0
0.9400444030761719 0
0.9620488286018372 0
0.9391567707061768 0
0.9248404502868652 0
0.9306884407997131 0
0.9167368412017822 0
0.8384501934051514 0
0.934044361114502 0
0.9174996614456177 0
0.965395987033844 0
0.9466739892959595 0
0.9119296669960022 0
0.9278210997581482 0
0.8173137903213501 0
0.9543773531913757 0
0.9632306694984436 0
0.9043146371841431 0
0.9211218357086182 0
0.9194073677062988 0
0.9401915669441223 0
0.8777709007263184 0
0.8851330280303955 0
0.9796138405799866 0
0.9293678998947144 0
0.9521746635437012 0
0.8975024819374084 0
0.9282928109169006 0
0.8890020251274109 0
0.9456477165222168 0
0.9122896194458008 0
0.9254361987113953 0
0.9260929226875305 0
0.9028571248054504 0
0.9231961965560913 0
0.9401149153709412 0
0.5998737215995789 0
0.5934629440307617 0
0.5602166056632996 0
0.5559559464454651 0
0.5374112129211426 0
0.5015352964401245 0
0.5607537031173706 0
0.5456442832946777 0
0.6124684810638428 0
0.7170149087905884 0
0.7561649084091187 0
0.6994800567626953 0
0.7243015170097351 0
0.6627184152603149 0
0.27575090527534485 0
0.32531681656837463 0
0.37296611070632935 0
0.409896582365036 0
0.3530549705028534 0
0.20922349393367767 0
0.35558485984802246 0
0.30820122361183167 0
0.3188033699989319 0
0.3110004961490631 0
0.37362661957740784 0
0.4550812542438507 0
0.2770528793334961 0
0.42217153310775757 0
0.2929570972919464 0
0.7637608051300049 0
0.7153434157371521 0
0.7572130560874939 0
0.7582084536552429 0
0.7212639451026917 0
0.7861716747283936 0
0.8053930997848511 0
0.7435792684555054 0
0.7866463661193848 0
0.7884962558746338 0
0.8775952458381653 0
0.6604084968566895 0
0.7170963287353516 0
0.8282307386398315 0
0.6454355716705322 0
0.8657035231590271 0
0.8615588545799255 0
0.8422468900680542 0
0.9016343951225281 0
0.8266258835792542 0
0.9124141335487366 0
0.8593285083770752 0
0.8630496859550476 0
0.8344208598136902 0
0.8359050750732422 0
0.764752984046936 0
0.9164208173751831 0
0.7490829825401306 0
0.8594541549682617 0
0.8141000270843506 0
0.6820091605186462 0
0.8341576457023621 0
0.8486596345901489 0
0.6504117846488953 0
0.7993007898330688 0
0.8077969551086426 0
0.9043812155723572 0
0.8250145316123962 0
0.7901094555854797 0
0.9075745940208435 0
0.755691409111023 0
0.742980420589447 0
0.9421563148498535 1
0.9621976017951965 1
0.9701563715934753 1
0.97825026512146 1
0.9723621010780334 1
0.9823688864707947 1
0.9654074311256409 1
0.9838870763778687 1
0.9738478064537048 1
0.9829319715499878 1
0.9676802158355713 1
0.9831854701042175 1
0.9818947911262512 1
0.9620143175125122 1
0.9607307314872742 1
0.9663156867027283 1
0.9297204613685608 1
0.9803019762039185 1
0.9494228363037109 1
0.9408677816390991 1
0.9463956356048584 1
0.9747328758239746 1
0.9062138199806213 1
0.9587715268135071 1
0.9790027141571045 1
0.9655022025108337 1
0.9797521233558655 1
0.9660807847976685 1
0.9709939956665039 1
0.9576413631439209 1
0.9605116248130798 1
0.9469742774963379 1
0.9566164612770081 1
0.9863654375076294 1
0.976036787033081 1
0.9206300973892212 1
0.9559462070465088 1
0.9584881663322449 1
0.9743969440460205 1
0.9770041108131409 1
0.9703707098960876 1
0.9463508725166321 1
0.8683125972747803 0
0.8777797818183899 0
0.9000876545906067 0
0.9422160387039185 0
0.8993106484413147 0
0.8903396725654602 0
0.9171857237815857 0
0.8959463238716125 0
0.8803340792655945 0
0.9122011661529541 0
0.9181849956512451 0
0.9326151609420776 0
0.9093841910362244 0
0.8885501027107239 0
0.9257141351699829 0
0.9756437540054321 1
0.9690101742744446 1
0.9470463991165161 1
0.9625923037528992 1
0.9612014889717102 1
0.9363798499107361 1
0.9481281042098999 1
0.8996373414993286 1
0.9868506193161011 1
0.9828173518180847 1
0.9551786780357361 1
0.9662559032440186 1
0.9510498642921448 1
0.9732877612113953 1
0.9788782000541687 1
0.8317694664001465 0
0.8964492082595825 0
0.880515992641449 0
0.8806666135787964 0
0.8526922464370728 0
0.8831804990768433 0
0.8948355317115784 0
0.8679413795471191 0
0.8201310634613037 0
0.9038822650909424 0
0.9159148931503296 0
0.9164276719093323 0
0.9602099061012268 0
0.9614604711532593 0
0.939149022102356 0
0.9033135771751404 0
0.9159433841705322 0
0.9222146272659302 0
0.913138747215271 0
0.9409056901931763 0
0.9083892107009888 0
0.9262608289718628 0
0.9049166440963745 0
0.918626070022583 0
0.9119587540626526 0
0.8767152428627014 0
0.8581923246383667 0
0.9385370016098022 0
0.877086877822876 0
0.8583776354789734 0
0.9649118185043335 0
0.8685147762298584 0
0.9467867612838745 0
0.951664924621582 0
0.9294670820236206 0
0.9078662395477295 0
0.9710088968276978 0
0.9347677826881409 0
0.8829686045646667 0
0.880973756313324 0
0.8644357323646545 0
0.9148643016815186 0
0.5074963569641113 0
0.47384822368621826 0
0.43026047945022583 0
0.4326215088367462 0
0.5915604829788208 0
0.47092923521995544 0
0.4994427263736725 0
0.543449342250824 0
0.47668737173080444 0
0.5298362374305725 0
0.6583096385002136 0
0.6556496620178223 0
0.5470035076141357 0
0.6990550756454468 0
0.47473302483558655 0
0.21335192024707794 0
0.30344289541244507 0
0.27918756008148193 0
0.22123195230960846 0
0.29079094529151917 0
0.19160543382167816 0
0.20096762478351593 0
0.28173235058784485 0
0.2549102306365967 0
0.4207042455673218 0
0.33432886004447937 0
0.2859349548816681 0
0.32306429743766785 0
0.27842527627944946 0
0.8590453267097473 0
0.7351276278495789 0
0.7886673808097839 0
0.7888314723968506 0
0.7210045456886292 0
0.7883896231651306 0
0.7723988890647888 0
0.750063955783844 0
0.8888240456581116 0
0.8490256071090698 0
0.8190967440605164 0
0.831875205039978 0
0.7995142936706543 0
0.796205997467041 0
0.7777990102767944 0
0.8023717999458313 0
0.804299533367157 0
0.8200743794441223 0
0.8067468404769897 0
0.7291647791862488 0
0.84845370054245 0
0.7310447692871094 0
0.691910982131958 0
0.8623850345611572 0
0.7742773294448853 0
0.775944173336029 0
0.8371478915214539 0
0.8031333684921265 0
0.7376282811164856 0
0.8024216294288635 0
0.8614487648010254 0
0.8283353447914124 0
0.7332785725593567 0
0.8148055672645569 0
0.8469371795654297 0
0.7665004134178162 0
0.7796353697776794 0
0.7818205952644348 0
0.8288426399230957 0
0.8251972794532776 0
0.8647782802581787 0
0.6965624094009399 0
0.8682634830474854 0
0.8665465116500854 0
0.8898712992668152 0
0.925128161907196 0
0.8779062032699585 0
0.9438751339912415 0
0.9032475352287292 0
0.9062808156013489 0
0.8822957873344421 0
0.9014847874641418 0
0.8940512537956238 0
0.8636379837989807 0
0.8698011636734009 0
0.8807103037834167 0
0.9366772770881653 0
0.9181193709373474 0
0.9281949400901794 0
0.9395899176597595 0
0.8971569538116455 0
0.8944470882415771 0
0.9229127764701843 0
0.9109718799591064 0
0.8973760604858398 0
0.9169830083847046 0
0.9511345028877258 0
0.8402243852615356 0
0.9235354065895081 0
0.9188970923423767 0
0.8635461926460266 0
0.9221931099891663 0
0.8878508806228638 0
0.9216040968894958 0
0.9532895088195801 0
0.9160887598991394 0
0.9326090216636658 0
0.9081028699874878 0
0.8760098218917847 0
0.8756937980651855 0
0.9057209491729736 0
0.9339888095855713 0
0.8284909725189209 0
0.9439105987548828 0
0.9146527647972107 0
0.9735910296440125 1
0.9398006796836853 1
0.9593991637229919 1
0.961326539516449 1
0.9848230481147766 1
0.9861587882041931 1
0.9871774911880493 1
0.9513578414916992 1
0.977156937122345 1
0.9872838258743286 1
0.9840181469917297 1
0.93278568983078 1
0.9440997838973999 1
0.9704227447509766 1
0.9872941970825195 1
0.9867913126945496 1
0.989955723285675 1
0.9791857004165649 1
0.983025074005127 1
0.9870839715003967 1
0.9857819676399231 1
0.98404461145401 1
0.974274754524231 1
0.9832794666290283 1
0.9829376935958862 1
0.9847002625465393 1
0.9816368222236633 1
0.9931612610816956 1
0.9552430510520935 1
0.9876116514205933 1
0.9231476783752441 0
0.9322711229324341 0
0.9348915815353394 0
0.9139168858528137 0
0.9404300451278687 0
0.9434590935707092 0
0.9055210947990417 0
0.8989521861076355 0
0.927244246006012 0
0.938122034072876 0
0.8749242424964905 0
0.9184207916259766 0
0.8645033836364746 0
0.8754200339317322 0
0.8980938196182251 0
0.9529196619987488 0
0.9304623603820801 0
0.9322901368141174 0
0.9186938405036926 0
0.9395877718925476 0
0.9663452506065369 0
0.9576550722122192 0
0.9714826941490173 0
0.9073528051376343 0
0.9466899037361145 0
0.9235802292823792 0
0.8807712197303772 0
0.9334792494773865 0
0.9221404194831848 0
0.9517767429351807 0
0.9279645085334778 0
0.9602726697921753 0
0.9474895596504211 0
0.8774584531784058 0
0.9160600900650024 0
0.8991112112998962 0
0.9416444301605225 0
0.945247232913971 0
0.9037304520606995 0
0.8866119980812073 0
0.9597818851470947 0
0.9322369694709778 0
0.5312744975090027 0
0.5491296648979187 0
0.4609260857105255 0
0.5357441306114197 0
0.5130084753036499 0
0.4385606646537781 0
0.3960284888744354 0
0.46608203649520874 0
0.5377042293548584 0
0.5670976638793945 0
0.6507509350776672 0
0.6750167012214661 0
0.5649269223213196 0
0.6075611710548401 0
0.6066166162490845 0
0.3075181841850281 0
0.3241828382015228 0
0.2655477821826935 0
0.23717372119426727 0
0.40189996361732483 0
0.33280783891677856 0
0.3615211844444275 0
0.2749195992946625 0
0.3190946578979492 0
0.2611624300479889 0
0.27243930101394653 0
0.2961549460887909 0
0.3090357184410095 0
0.33702030777931213 0
0.7661611437797546 0
0.8187901377677917 0
0.7768204808235168 0
0.6784412264823914 0
0.8065610527992249 0
0.800504744052887 0
0.8330763578414917 0
0.7575696110725403 0
0.7992865443229675 0
0.7831346392631531 0
0.780775785446167 0
0.772858738899231 0
0.7780538201332092 0
0.8084232211112976 0
0.8162205219268799 0
0.8119796514511108 0
0.7365667223930359 0
0.7576634883880615 0
0.7888763546943665 0
0.7371694445610046 0
0.8308542370796204 0
0.8811063170433044 0
0.7890207171440125 0
0.8209483027458191 0
0.7975394129753113 0
0.767341136932373 0
0.8087690472602844 0
0.8344419002532959 0
0.7289963364601135 0
0.876747727394104 0
0.7977259755134583 0
0.8595722913742065 0
0.8888617157936096 0
0.8372713327407837 0
0.8700028657913208 0
0.8503483533859253 0
0.8405269384384155 0
0.8439798355102539 0
0.8951390981674194 0
0.8558756113052368 0
0.8326917290687561 0
0.7978764176368713 0
0.8735482692718506 0
0.9257965683937073 0
0.9094327092170715 0
0.9693161845207214 0
0.9363928437232971 0
0.9504693150520325 0
0.9466395378112793 0
0.9376015067100525 0
0.9089106917381287 0
0.950242817401886 0
0.8956435918807983 0
0.9648224711418152 0
0.968754231929779 0
0.9397597908973694 0
0.9435900449752808 0
0.9339520931243896 0
0.9524515867233276 0
0.9486768841743469 0
0.9358486533164978 0
0.8955891728401184 0
0.9553068280220032 0
0.915607750415802 0
0.9302656650543213 0
0.9367724657058716 0
0.7954075932502747 0
0.9526720643043518 0
0.9231523275375366 0
0.7777999043464661 0
0.9109511375427246 0
0.9638158082962036 0
0.9435778856277466 0
0.9300795197486877 0
0.971490740776062 0
0.9455432295799255 0
0.9542732238769531 0
0.9142625331878662 0
0.9505416750907898 0
0.9679144620895386 0
0.9564000964164734 0
0.9621681571006775 0
0.9527753591537476 0
0.947862446308136 0
0.8912807106971741 0
0.8346297144889832 0
0.8735531568527222 0
0.9192269444465637 0
0.8633646965026855 0
0.9050328731536865 0
0.9632903337478638 0
0.927158772945404 0
0.9335035085678101 0
0.8618203997612 0
0.8963332176208496 0
0.9196895956993103 0
0.9308699369430542 0
0.9421743750572205 0
0.9191297888755798 0
0.93771892786026 0
0.92822265625 0
0.904395580291748 0
0.9322091937065125 0
0.9297214150428772 0
0.9448862075805664 0
0.9388945698738098 0
0.9418718814849854 0
0.9353848099708557 0
0.8256563544273376 0
0.9460881948471069 0
0.950222373008728 0
0.9156222939491272 0
0.9254224300384521 0
0.8972013592720032 0
0.7920252084732056 0
0.9787904024124146 1
0.9849757552146912 1
0.9862490296363831 1
0.9577458500862122 1
0.9825557470321655 1
0.9774873852729797 1
0.9925702214241028 1
0.9670896530151367 1
0.979205310344696 1
0.9801425933837891 1
0.9775617718696594 1
0.9555233716964722 1
0.9808305501937866 1
0.9839510917663574 1
0.9560925960540771 1
0.9816375374794006 1
0.9790248870849609 1
0.9883591532707214 1
0.9634155035018921 1
0.9671883583068848 1
0.9849106073379517 1
0.9725275635719299 1
0.9892851710319519 1
0.9858289957046509 1
0.9896365404129028 1
0.9611101746559143 1
0.9662532210350037 1
0.9912753701210022 1
0.9923720955848694 1
0.9803907871246338 1
0.9509109258651733 1
0.9579827785491943 1
0.9731051325798035 1
0.9712381958961487 1
0.9576907753944397 1
0.9574013352394104 1
0.9583314061164856 1
0.9863633513450623 1
0.9609997868537903 1
0.9824361205101013 1
0.9677459001541138 1
0.9397313594818115 1
0.4304026663303375 0
0.3274799883365631 0
0.44075578451156616 0
0.45125025510787964 0
0.39161428809165955 0
0.6419951319694519 0
0.5305777192115784 0
0.391030490398407 0
0.5311036705970764 0
0.5515761375427246 0
0.5382137298583984 0
0.5676602721214294 0
0.5342350602149963 0
0.5126873254776001 0
0.6004926562309265 0
0.2445371448993683 0
0.2676236927509308 0
0.145318403840065 0
0.09953167289495468 0
0.25380685925483704 0
0.19492191076278687 0
0.16422846913337708 0
0.23781287670135498 0
0.28024041652679443 0
0.13060273230075836 0
0.18625372648239136 0
0.12251526862382889 0
0.2512516975402832 0
0.11907736212015152 0
0.8910432457923889 0
0.8718346953392029 0
0.9024873375892639 0
0.8962575197219849 0
0.8553231954574585 0
0.8856271505355835 0
0.8585680723190308 0
0.8256626725196838 0
0.8579610586166382 0
0.8358309268951416 0
0.8531226515769958 0
0.8760813474655151 0
0.8243621587753296 0
0.8462299704551697 0
0.8921378254890442 0
0.8221856355667114 0
0.8677055239677429 0
0.8735545873641968 0
0.9098979830741882 0
0.8519152402877808 0
0.8743701577186584 0
0.9200236797332764 0
0.8749248385429382 0
0.8050698041915894 0
0.9337903261184692 0
0.8813215494155884 0
0.9216312766075134 0
0.864642858505249 0
0.9113371968269348 0
0.9010345339775085 0
0.8740962147712708 0
0.8666236996650696 0
0.7963096499443054 0
0.8144491314888 0
0.9033644199371338 0
0.8793264031410217 0
0.8387442827224731 0
0.835681140422821 0
0.8654234409332275 0
0.8753418922424316 0
0.8805017471313477 0
0.8752508163452148 0
0.9199843406677246 0
0.9438088536262512 0
0.9118622541427612 0
0.9384943842887878 0
0.9400010704994202 0
0.9563800692558289 0
0.9289059638977051 0
0.9830695986747742 0
0.9463810324668884 0
0.9186670780181885 0
0.9603076577186584 0
0.9598247408866882 0
0.9423456788063049 0
0.9560158252716064 0
0.9540377259254456 0
0.919264018535614 0
0.9202103614807129 0
0.9410154819488525 0
0.9273353815078735 0
0.931452214717865 0
0.8846027255058289 0
0.9775736927986145 0
0.9298332333564758 0
0.9457933902740479 0
0.9580639004707336 0
0.944708526134491 0
0.9409207701683044 0
0.940040111541748 0
0.9228389263153076 0
0.8988460302352905 0
0.8101235628128052 0
0.9300969243049622 0
0.92988520860672 0
0.8999602794647217 0
0.9628786444664001 0
0.9512068033218384 0
0.9256576895713806 0
0.9774913787841797 0
0.9379275441169739 0
0.9264270067214966 0
0.9527904987335205 0
0.9238555431365967 0
0.8944160342216492 0
0.8186153173446655 0
0.8393411636352539 0
0.9313270449638367 0
0.8971308469772339 0
0.9108115434646606 0
0.9716050624847412 0
0.9055626392364502 0
0.9334182143211365 0
0.914639949798584 0
0.9144032597541809 0
0.9129160642623901 0
0.8949498534202576 0
0.9214158058166504 0
0.963187575340271 0
0.9533386826515198 0
0.9180477857589722 0
0.9556939601898193 0
0.8825140595436096 0
0.9425941705703735 0
0.9027674198150635 0
0.9298339486122131 0
0.9470179080963135 0
0.9681118726730347 0
0.9444954991340637 0
0.9070240259170532 0
0.8417990803718567 0
0.9020058512687683 0
0.8807489275932312 0
0.9110752940177917 0
0.9787733554840088 1
0.9704210162162781 1
0.9472327828407288 1
0.9734928607940674 1
0.9850751161575317 1
0.9531463980674744 1
0.9912474155426025 1
0.9799606800079346 1
0.9805859923362732 1
0.9656422734260559 1
0.9697871208190918 1
0.9756137132644653 1
0.955446720123291 1
0.9729406833648682 1
0.9596987962722778 1
0.989863395690918 1
0.9879770278930664 1
0.990269660949707 1
0.9887052774429321 1
0.9915756583213806 1
0.9580215215682983 1
0.9876742362976074 1
0.9887527823448181 1
0.9760681390762329 1
0.9832945466041565 1
0.9795562028884888 1
0.9920942187309265 1
0.9920108914375305 1
0.9907402396202087 1
0.9473402500152588 1
1.0 1
0.9779713749885559 1
0.9789479374885559 1
0.9803301692008972 1
0.9915083646774292 1
0.9678295254707336 1
0.974744975566864 1
0.9712268710136414 1
0.9848985075950623 1
0.9747808575630188 1
0.9812787771224976 1
0.9635047316551208 1
0.9833231568336487 1
0.464222252368927 0
0.5409458875656128 0
0.5345135927200317 0
0.49016204476356506 0
0.38376861810684204 0
0.7088204622268677 0
0.5721006393432617 0
0.4289517402648926 0
0.23767201602458954 0
0.5678079128265381 0
0.6379905939102173 0
0.5396713614463806 0
0.5603355765342712 0
0.588025689125061 0
0.2329876720905304 0
0.22024282813072205 0
0.19243872165679932 0
0.13143369555473328 0
0.14362193644046783 0
0.1779080629348755 0
0.18554607033729553 0
0.1302027851343155 0
0.17692746222019196 0
0.1746823936700821 0
0.17646600306034088 0
0.278871089220047 0
0.29614341259002686 0
0.14591535925865173 0
0.1611645370721817 0
0.8898118734359741 0
0.8797466158866882 0
0.9036632180213928 0
0.8279055953025818 0
0.9047709107398987 0
0.87062007188797 0
0.8623764514923096 0
0.8569279313087463 0
0.9204676747322083 0
0.9090225100517273 0
0.8758541941642761 0
0.9235348701477051 0
0.8429474830627441 0
0.9131267070770264 0
0.840827465057373 0
0.9408136010169983 0
0.8580622673034668 0
0.8877881169319153 0
0.9153174161911011 0
0.8950981497764587 0
0.897000789642334 0
0.8982376456260681 0
0.8879875540733337 0
0.8685400485992432 0
0.8671573996543884 0
0.8697555065155029 0
0.9203798770904541 0
0.8566602468490601 0
0.871871292591095 0
0.8590071201324463 0
0.8685228824615479 0
0.9162682890892029 0
0.894019365310669 0
0.7893481850624084 0
0.8340000510215759 0
0.7973746061325073 0
0.8641809821128845 0
0.8069540858268738 0
0.9042923450469971 0
0.8367376923561096 0
0.8667555451393127 0
0.8877436518669128 0
0.911446213722229 0
0.9131077527999878 0
0.8579796552658081 0
0.9498192667961121 0
0.9624363780021667 0
0.8962852954864502 0
0.9465650916099548 0
0.9594120979309082 0
0.9166151881217957 0
0.931156575679779 0
0.8947674036026001 0
0.9610245823860168 0
0.9793453812599182 0
0.91668301820755 0
0.9487226605415344 0
0.9156341552734375 0
0.9202251434326172 0
0.9062539339065552 0
0.9254387617111206 0
0.9561120867729187 0
0.9603340029716492 0
0.8898974657058716 0
0.9313808679580688 0
0.9354145526885986 0
0.946653425693512 0
0.928463876247406 0
0.9198257327079773 0
0.8979430198669434 0
0.8417778611183167 0
0.9552783966064453 0
0.8561968803405762 0
0.9199051856994629 0
0.9085686206817627 0
0.9554644227027893 0
0.9238566160202026 0
0.8718902468681335 0
0.9487531185150146 0
0.9500006437301636 0
0.9607546329498291 0
0.6112120747566223 0
0.6394124627113342 0
0.5155684947967529 0
0.5855113863945007 0
0.5540501475334167 0
0.49461114406585693 0
0.4293596148490906 0
0.5521320700645447 0
0.46923938393592834 0
0.6126589775085449 0
0.4444459080696106 0
0.5269424915313721 0
0.5226243138313293 0
0.525989294052124 0
0.5375041961669922 0
0.37076595425605774 0
0.41846686601638794 0
0.4276660084724426 0
0.4707171618938446 0
0.4747699499130249 0
0.45661216974258423 0
0.4600885510444641 0
0.39652878046035767 0
0.4832276999950409 0
0.5859366059303284 0
0.5353659391403198 0
0.45826172828674316 0
0.5593550205230713 0
0.4079987406730652 0
0.4919666647911072 0
0.4982422888278961 0
0.47150230407714844 0
0.5492985248565674 0
0.41701817512512207 0
0.5327866673469543 0
0.38624951243400574 0
0.5256233811378479 0
0.562592625617981 0
0.40753617882728577 0
0.5320171117782593 0
0.42049118876457214 0
0.4935801923274994 0
0.48631414771080017 0
0.3965117633342743 0
0.4060479402542114 0
0.43619322776794434 0
0.5540927052497864 0
0.3713458478450775 0
0.3187388777732849 0
0.4395187199115753 0
0.5921371579170227 0
0.4071512222290039 0
0.44129666686058044 0
0.39114248752593994 0
0.5685903429985046 0
0.6049842834472656 0
0.5444737672805786 0
0.7280946969985962 0
0.48154982924461365 0
0.3956526517868042 0
0.5005415081977844 0
0.4322647750377655 0
0.4595022201538086 0
0.2759876549243927 0
0.5066820383071899 0
0.5908827781677246 0
0.556712806224823 0
0.542975664138794 0
0.49874937534332275 0
0.4710543155670166 0
0.593368411064148 0
0.5117855668067932 0
0.4120151400566101 0
0.35004669427871704 0
0.36295902729034424 0
0.4117221534252167 0
0.8834778070449829 1
0.9066099524497986 1
0.9575763940811157 1
0.975351095199585 1
0.9689646363258362 1
0.961846649646759 1
0.843974232673645 1
0.9516677260398865 1
0.9727703928947449 1
0.9585307836532593 1
0.9187923669815063 1
0.874025821685791 1
0.7251147031784058 1
0.9655658602714539 1
0.6417502164840698 1
0.6844172477722168 1
0.5312390327453613 1
0.5882633924484253 1
0.5565637946128845 1
0.5184517502784729 1
0.6566542983055115 1
0.5646541118621826 1
0.6522947549819946 1
0.5590854287147522 1
0.5965163111686707 1
0.588660478591919 1
0.5476505756378174 1
0.6257627606391907 1
0.5907545685768127 1
0.359251469373703 0
0.29852020740509033 0
0.46993038058280945 0
0.5952339172363281 0
0.4905720353126526 0
0.32351192831993103 0
0.420386403799057 0
0.3958966135978699 0
0.4663999378681183 0
0.4241460859775543 0
0.44472432136535645 0
0.42320433259010315 0
0.3436916470527649 0
0.3382730185985565 0
0.47144123911857605 0
0.3488856256008148 0
0.36095139384269714 0
0.4943564832210541 0
0.42583537101745605 0
0.2761416435241699 0
0.41881537437438965 0
0.2890084683895111 0
0.3265291154384613 0
0.14889943599700928 0
0.6150591969490051 0
0.3129626214504242 0
0.5412461161613464 0
0.13126207888126373 0
0.45452457666397095 0
0.26880064606666565 0
0.3047076463699341 0
0.4634885787963867 0
0.4462890028953552 0
0.47817447781562805 0
0.35953542590141296 0
0.46376028656959534 0
0.3207772970199585 0
0.4993766248226166 0
0.421082466840744 0
0.5896483063697815 0
0.49445441365242004 0
0.06879289448261261 0
0.27890363335609436 0
0.3484227955341339 0
0.3230825960636139 0
0.33801397681236267 0
0.18594670295715332 0
0.3402365744113922 0
0.2908107042312622 0
0.31150341033935547 0
0.27776917815208435 0
0.238804891705513 0
0.3490287959575653 0
0.2511981725692749 0
0.2385178655385971 0
0.3703424036502838 0
0.33340734243392944 0
0.29768845438957214 0
0.3173086643218994 0
0.3408569395542145 0
0.326053261756897 0
0.24835112690925598 0
0.3172578513622284 0
0.240312397480011 0
0.2670140862464905 0
0.29543301463127136 0
0.27115336060523987 0
0.27977076172828674 0
0.31747424602508545 0
0.3439413011074066 0
0.35062313079833984 0
0.31482023000717163 0
0.23904982209205627 0
0.39598673582077026 0
0.27105751633644104 0
0.2869780957698822 0
0.3456074893474579 0
0.3696201741695404 0
0.3007257282733917 0
0.24790821969509125 0
0.15708217024803162 0
0.25817519426345825 0
0.36874523758888245 0
0.3010331094264984 0
0.35580602288246155 0
0.3378375470638275 0
0.2628493905067444 0
0.3178330659866333 0
0.36544254422187805 0
0.2275981307029724 0
0.32490792870521545 0
0.2919286787509918 0
0.2798863351345062 0
0.25437894463539124 0
0.2608960270881653 0
0.24196134507656097 0
0.19213135540485382 0
0.22079527378082275 0
0.30977240204811096 0
0.3498452603816986 0
0.33558228611946106 0
0.240293949842453 0
0.24837595224380493 0
0.2994696795940399 0
0.30354875326156616 0
0.19936715066432953 0
0.19242216646671295 0
0.3437276780605316 0
0.42662355303764343 0
0.3631385862827301 0
0.24250580370426178 0
0.4038066864013672 0
0.303252249956131 0
0.26280835270881653 0
0.11942779272794724 0
0.16565842926502228 0
0.24893775582313538 0
0.19590604305267334 0
0.17067469656467438 0
0.21871522068977356 0
0.2572382390499115 0
0.11777511239051819 0
0.22523579001426697 0
0.19060635566711426 0
0.26039665937423706 0
0.25540152192115784 0
0.1443469524383545 0
0.19127658009529114 0
0.19461332261562347 0
0.18597029149532318 0
0.24633923172950745 0
0.1663084626197815 0
0.24519693851470947 0
0.20233583450317383 0
0.19388315081596375 0
0.14253132045269012 0
0.18839269876480103 0
0.19271568953990936 0
0.27976980805397034 0
0.1636269986629486 0
0.10176219791173935 0
0.24559995532035828 0
0.21049661934375763 0
0.22975344955921173 0
0.17001722753047943 0
0.356244832277298 0
0.26638084650039673 0
0.19646888971328735 0
0.168230801820755 0
0.20010468363761902 0
0.19877953827381134 0
0.16481174528598785 0
0.34985509514808655 0
0.13367021083831787 0
0.21758000552654266 0
0.11339955776929855 0
0.48970210552215576 1
0.550652801990509 1
0.5462992787361145 1
0.5655752420425415 1
0.6666305661201477 1
0.5126655101776123 1
0.6144417524337769 1
0.6708999872207642 1
0.5187100172042847 1
0.7073395252227783 1
0.6018016934394836 1
0.5595124959945679 1
0.6069040894508362 1
0.5083052515983582 1
0.5315168499946594 1
0.9587687849998474 1
0.9774243831634521 1
0.9875998497009277 1
0.9471722841262817 1
0.9875669479370117 1
0.9730832576751709 1
0.9871086478233337 1
0.9900364875793457 1
0.8873643279075623 1
0.9487094879150391 1
0.976838231086731 1
0.9744096994400024 1
0.9734912514686584 1
0.9913946390151978 1
0.15399709343910217 0
