0.9541424512863159 1
0.9713585376739502 1
0.9783551096916199 1
0.9845256209373474 1
0.9471568465232849 1
0.940156877040863 1
0.9704681038856506 1
0.9116892218589783 1
0.9769757986068726 1
0.9834491014480591 1
0.945713460445404 1
0.9813289046287537 1
0.9848236441612244 1
0.9244393110275269 1
0.9717205166816711 1
0.9250285625457764 1
0.967426598072052 1
0.9543788433074951 1
0.9452929496765137 1
0.9547433853149414 1
0.9637327194213867 1
0.9482342004776001 1
0.9372497200965881 1
0.9612389206886292 1
0.9786041975021362 1
0.977371096611023 1
0.9820852279663086 1
0.9736645817756653 1
0.9538068175315857 1
0.9536772966384888 1
0.9799181818962097 1
0.9789673686027527 1
0.9633392095565796 1
0.9738346934318542 1
0.9604076147079468 1
0.9863511323928833 1
0.9647700190544128 1
0.9890379309654236 1
0.9753411412239075 1
0.933026134967804 1
0.9686600565910339 1
0.9754863381385803 1
0.6877659559249878 0
0.7364806532859802 0
0.7327565550804138 0
0.7488309144973755 0
0.6992610692977905 0
0.7131376266479492 0
0.6592976450920105 0
0.814673125743866 0
0.7304364442825317 0
0.7240149974822998 0
0.6825195550918579 0
0.8001801371574402 0
0.8541111350059509 0
0.7804772853851318 0
0.7624537348747253 0
0.717710018157959 0
0.6743611097335815 0
0.7467523813247681 0
0.7834568023681641 0
0.7032418251037598 0
0.7375867366790771 0
0.8065718412399292 0
0.6609753370285034 0
0.6177380681037903 0
0.6983420848846436 0
0.6054104566574097 0
0.629368245601654 0
0.6029722690582275 0
0.6050419807434082 0
0.7805696129798889 0
0.5580065846443176 0
0.7467465996742249 0
0.5772264003753662 0
0.7468249201774597 0
0.670435905456543 0
0.628768265247345 0
0.6610033512115479 0
0.7024989724159241 0
0.8767040967941284 0
0.5493443012237549 0
0.6558191180229187 0
0.6319910287857056 0
0.6876184940338135 0
0.6074520349502563 0
0.734014630317688 0
0.7249396443367004 0
0.6746384501457214 0
0.7394477725028992 0
0.7892109751701355 0
0.6943263411521912 0
0.6729409098625183 0
0.7253626585006714 0
0.5865645408630371 0
0.6605812907218933 0
0.7548516392707825 0
0.8346338868141174 0
0.7297640442848206 0
0.7017396688461304 0
0.6990260481834412 0
0.6756377220153809 0
0.6360302567481995 0
0.7026576995849609 0
0.6253074407577515 0
0.7427965998649597 0
0.7684831619262695 0
0.6528780460357666 0
0.7254080772399902 0
0.7131016254425049 0
0.6907287836074829 0
0.7345758676528931 0
0.5215910077095032 0
0.643726110458374 0
0.7978897094726562 0
0.7893770337104797 0
0.8322106599807739 0
0.8074737191200256 0
0.7117603421211243 0
0.6635414361953735 0
0.7187831401824951 0
0.7455510497093201 0
0.8029345273971558 0
0.8352639675140381 0
0.7932373881340027 0
0.7844619750976562 0
0.7086577415466309 0
0.8042681813240051 0
0.858290433883667 0
0.8089714646339417 0
0.7725911140441895 0
0.8743918538093567 0
0.8504326343536377 0
0.7796885967254639 0
0.8257714509963989 0
0.7783656120300293 0
0.7087765336036682 0
0.9110173583030701 0
0.8598185181617737 0
0.7530841827392578 0
0.7643333077430725 0
0.7921053767204285 0
0.8645464181900024 0
0.7857787013053894 0
0.8166157603263855 0
0.849790096282959 0
0.779083788394928 0
0.9061271548271179 0
0.8637022376060486 0
0.7943258881568909 0
0.7730294466018677 0
0.7737175226211548 0
0.8792144060134888 0
0.8121742606163025 0
0.7818422913551331 0
0.9132900834083557 0
0.22405260801315308 0
0.03973694518208504 0
0.09048187732696533 0
0.008228945545852184 0
0.048019446432590485 0
0.07405947148799896 0
-0.05945751816034317 0
0.03473789244890213 0
0.05511947348713875 0
0.06661564856767654 0
0.2905656099319458 0
0.14702872931957245 0
0.12760579586029053 0
0.12489941716194153 0
0.16441699862480164 0
-0.03076522797346115 0
0.04279114678502083 0
-0.043920163065195084 0
-0.06022430583834648 0
0.031362541019916534 0
-0.02808365225791931 0
-0.041464295238256454 0
-0.020866863429546356 0
0.03720919042825699 0
-0.02851066365838051 0
-0.10368751734495163 0
-0.014576992020010948 0
-0.069556824862957 0
0.061970021575689316 0
0.9842779040336609 1
0.9955963492393494 1
0.9224038124084473 1
0.9857538938522339 1
0.9722513556480408 1
0.930836021900177 1
0.965330183506012 1
0.9173372983932495 1
0.981224000453949 1
0.9847057461738586 1
0.9521291255950928 1
0.9793899655342102 1
0.9817102551460266 1
0.9916907548904419 1
0.9918907284736633 1
0.9810976982116699 1
0.9391797780990601 1
0.9560069441795349 1
0.942127525806427 1
0.9530086517333984 1
0.9541417360305786 1
0.9765408039093018 1
0.9476618766784668 1
0.9685325622558594 1
0.9575567245483398 1
0.9938404560089111 1
0.9426323771476746 1
0.960300862789154 1
0.9482461810112 1
0.95480877161026 1
0.9359498023986816 1
0.9041628241539001 1
0.9788720607757568 1
0.9769347310066223 1
0.9693688154220581 1
0.9579599499702454 1
0.9627193212509155 1
0.9773675799369812 1
0.9769839644432068 1
0.972417414188385 1
0.9489736557006836 1
0.9202787280082703 1
0.959626317024231 1
0.7616502642631531 0
0.6005378365516663 0
0.8284146189689636 0
0.7311465740203857 0
0.6773045659065247 0
0.77247554063797 0
0.6581564545631409 0
0.6668398976325989 0
0.7270657420158386 0
0.6879968047142029 0
0.7108138203620911 0
0.755767822265625 0
0.6651899218559265 0
0.7322748899459839 0
0.7530512809753418 0
0.7369102835655212 0
0.7772455215454102 0
0.6585590243339539 0
0.6297954320907593 0
0.6982648968696594 0
0.7612558603286743 0
0.6645680665969849 0
0.6372078061103821 0
0.6007934212684631 0
0.7402217984199524 0
0.6355869174003601 0
0.5829294919967651 0
0.7163400650024414 0
0.755327045917511 0
0.6314825415611267 0
0.5955933332443237 0
0.7459428310394287 0
0.7480963468551636 0
0.7439020276069641 0
0.7180994749069214 0
0.7640733122825623 0
0.6820805072784424 0
0.6863308548927307 0
0.7832399010658264 0
0.7324360013008118 0
0.6595189571380615 0
0.6519565582275391 0
0.574674665927887 0
0.6303938627243042 0
0.7112530469894409 0
0.7018610239028931 0
0.7023789286613464 0
0.6903723478317261 0
0.6781895756721497 0
0.6545625329017639 0
0.6424748301506042 0
0.6003130078315735 0
0.6225796341896057 0
0.7398824095726013 0
0.6831647753715515 0
0.7201570272445679 0
0.748250424861908 0
0.7500525116920471 0
0.7574624419212341 0
0.759437620639801 0
0.8241775035858154 0
0.730102002620697 0
0.7537595629692078 0
0.7000221014022827 0
0.7309344410896301 0
0.6164689064025879 0
0.7155387997627258 0
0.7341496348381042 0
0.7023763060569763 0
0.6797508001327515 0
0.6759759783744812 0
0.6072059273719788 0
0.8348068594932556 0
0.7958608865737915 0
0.7322651147842407 0
0.8347827196121216 0
0.7775200009346008 0
0.8275222182273865 0
0.8006258606910706 0
0.8302415609359741 0
0.8279675245285034 0
0.8528140783309937 0
0.786532461643219 0
0.6436050534248352 0
0.8854067325592041 0
0.8490299582481384 0
0.8309134840965271 0
0.8092262148857117 0
0.7943457365036011 0
0.863479495048523 0
0.6790376305580139 0
0.8450050950050354 0
0.8261343836784363 0
0.852414071559906 0
0.8703248500823975 0
0.828505277633667 0
0.7487391233444214 0
0.7833382487297058 0
0.8405119776725769 0
0.8354302048683167 0
0.8362107872962952 0
0.8370112180709839 0
0.8496460318565369 0
0.7834430932998657 0
0.8274543285369873 0
0.8032102584838867 0
0.8338761329650879 0
0.8057247400283813 0
0.7591793537139893 0
0.7707910537719727 0
0.6873587369918823 0
0.8329067230224609 0
0.9232397079467773 0
0.865751326084137 0
0.07891396433115005 0
0.06753899902105331 0
0.06554676592350006 0
-0.03991026058793068 0
0.06886518746614456 0
0.14263561367988586 0
0.06157056987285614 0
0.10303057730197906 0
0.08193520456552505 0
0.19826164841651917 0
0.11774207651615143 0
0.2784781754016876 0
0.2587735950946808 0
0.15982487797737122 0
0.24431434273719788 0
-0.052327848970890045 0
-0.07527831941843033 0
-0.01501622423529625 0
-0.12937720119953156 0
-0.07526741921901703 0
0.012070084922015667 0
-0.14292731881141663 0
-0.13019797205924988 0
-0.08687762171030045 0
-0.08144691586494446 0
-0.14592696726322174 0
-0.09901188313961029 0
-0.02575181983411312 0
-0.23073206841945648 0
0.9597747325897217 1
0.9344955682754517 1
0.9835637807846069 1
0.980636477470398 1
0.9697774648666382 1
0.8876686692237854 1
0.9292829632759094 1
0.909775972366333 1
0.9462952613830566 1
0.9867057800292969 1
0.9853254556655884 1
0.9655259251594543 1
0.9438756108283997 1
0.9732217788696289 1
0.9708452224731445 1
0.9699642062187195 1
0.9764395356178284 1
0.9903098940849304 1
0.957546591758728 1
0.9538564682006836 1
0.9803606867790222 1
0.9778392314910889 1
0.9652751684188843 1
0.9338052868843079 1
0.9585902094841003 1
0.9425095319747925 1
0.9581190943717957 1
0.9829792976379395 1
0.9451141357421875 1
0.9723535180091858 1
0.9522237777709961 1
0.9431093335151672 1
0.972575306892395 1
0.9457787275314331 1
0.9523801207542419 1
0.9609695672988892 1
0.9484793543815613 1
0.9885615110397339 1
0.9844313263893127 1
0.9626079797744751 1
0.9745933413505554 1
0.9560381174087524 1
0.6846603751182556 0
0.6581356525421143 0
0.6527091264724731 0
0.6912662386894226 0
0.6481472253799438 0
0.8167204856872559 0
0.6410008072853088 0
0.8193445205688477 0
0.6478896141052246 0
0.6073610782623291 0
0.9802879095077515 1
0.9736840724945068 1
0.9743880033493042 1
0.9428337216377258 1
0.9862936735153198 1
0.9243543744087219 1
0.9851023554801941 1
0.9780558943748474 1
0.9536936283111572 1
0.9578468203544617 1
0.9719458818435669 1
0.9557125568389893 1
0.9891071319580078 1
0.9781827926635742 1
0.9667657613754272 1
0.9607697129249573 1
0.943249523639679 1
0.9653909802436829 1
0.9389351606369019 1
0.9496627449989319 1
0.9432553648948669 1
0.985000491142273 1
0.962026834487915 1
0.9553362727165222 1
0.9426173567771912 1
0.9789814949035645 1
0.9663252830505371 1
0.9855318069458008 1
0.9274184703826904 1
0.9375323057174683 1
0.981121301651001 1
0.9433963298797607 1
0.8729143142700195 0
0.8277587890625 0
0.8357876539230347 0
0.9398024678230286 0
0.9012668132781982 0
0.9091649651527405 0
0.8858731389045715 0
0.8945828676223755 0
0.9276864528656006 0
0.8654242753982544 0
0.8981273174285889 0
0.8832752108573914 0
0.8532293438911438 0
0.842566192150116 0
0.8992393016815186 0
0.925629198551178 0
0.8931950926780701 0
0.9185322523117065 0
0.8826916217803955 0
0.8998534083366394 0
0.8662294745445251 0
0.8484938144683838 0
0.859204888343811 0
0.8805707097053528 0
0.8809388279914856 0
0.8500391244888306 0
0.8846415281295776 0
0.8486858606338501 0
0.8909304738044739 0
0.8606503009796143 0
0.9440113306045532 0
0.9091787338256836 0
0.8860677480697632 0
0.9317765831947327 0
0.8904222846031189 0
0.908586323261261 0
0.9305455088615417 0
0.9422354102134705 0
0.9070469737052917 0
0.9514279961585999 0
0.9400403499603271 0
0.9220070838928223 0
0.9283729791641235 0
0.9156265258789062 0
0.8933861255645752 0
0.9660217761993408 0
0.9112502932548523 0
0.8920072913169861 0
0.9500917196273804 0
0.9420666098594666 0
0.9505636692047119 0
0.8945841789245605 0
0.9349460005760193 0
0.9699808955192566 0
0.9517955780029297 0
0.9363507628440857 0
0.9421977400779724 0
0.924675703048706 0
0.9613802433013916 0
0.8363872766494751 0
0.9125040769577026 0
0.9163299798965454 0
0.9165847897529602 0
0.8904717564582825 0
0.9200786352157593 0
0.911963701248169 0
0.8980241417884827 0
0.9348635077476501 0
0.9248107075691223 0
0.9333634376525879 0
0.8929141759872437 0
0.9224741458892822 0
0.9496880769729614 0
0.5175928473472595 0
0.6170113682746887 0
0.5251916646957397 0
0.47162866592407227 0
0.5446319580078125 0
0.56878262758255 0
0.5391726493835449 0
0.6050636768341064 0
0.529521107673645 0
0.5537065863609314 0
0.6146043539047241 0
0.5334035158157349 0
0.5162893533706665 0
0.46552297472953796 0
0.21970921754837036 0
0.21409456431865692 0
0.26121756434440613 0
0.25808820128440857 0
0.25832974910736084 0
0.3200795650482178 0
0.4064221978187561 0
0.2643226981163025 0
0.20556601881980896 0
0.30014026165008545 0
0.2987740635871887 0
0.3747478723526001 0
0.4795609712600708 0
0.23671025037765503 0
0.3414914309978485 0
0.6932043433189392 0
0.7017552256584167 0
0.6497948169708252 0
0.6976775527000427 0
0.7109660506248474 0
0.7190068960189819 0
0.7474585771560669 0
0.7744793891906738 0
0.7209596037864685 0
0.7677205801010132 0
0.7149385213851929 0
0.6982102394104004 0
0.6715470552444458 0
0.7265943288803101 0
0.7304527163505554 0
0.8146288990974426 0
0.7620260715484619 0
0.6293777227401733 0
0.7185601592063904 0
0.539030909538269 0
0.7487038969993591 0
0.758205235004425 0
0.6838326454162598 0
0.6461972594261169 0
0.6267681121826172 0
0.7144262790679932 0
0.7603028416633606 0
0.6398776173591614 0
0.777898371219635 0
0.6018572449684143 0
0.6960344910621643 0
0.7725352048873901 0
0.7064241766929626 0
0.658491849899292 0
0.593987762928009 0
0.7544618844985962 0
0.7450411915779114 0
0.6160758137702942 0
0.6549938917160034 0
0.621100127696991 0
0.7019602656364441 0
0.6861975789070129 0
0.9657265543937683 1
0.9682677388191223 1
0.9468789100646973 1
0.9542626738548279 1
0.9620407819747925 1
0.9700472950935364 1
0.9740817546844482 1
0.9631500840187073 1
0.9568114280700684 1
0.938705325126648 1
0.9720704555511475 1
0.9145195484161377 1
0.9683741331100464 1
0.9596284627914429 1
0.9482543468475342 1
0.9500831961631775 1
0.9344649314880371 1
0.9704002737998962 1
0.8435730338096619 1
0.9876158833503723 1
0.9823472499847412 1
0.9375487565994263 1
0.9563851356506348 1
0.974101722240448 1
0.9674112200737 1
0.920576810836792 1
0.9347226619720459 1
0.9676960706710815 1
0.9513646960258484 1
0.946422278881073 1
0.9740505814552307 1
0.9557213187217712 1
0.9483843445777893 1
0.9618375301361084 1
0.9816019535064697 1
0.9508517384529114 1
0.9317268133163452 1
0.9362334609031677 1
0.9710772037506104 1
0.9644773602485657 1
0.954051673412323 1
0.9256982803344727 1
0.8644474744796753 0
0.8341562747955322 0
0.8979665637016296 0
0.9318410754203796 0
0.8648898005485535 0
0.8642892837524414 0
0.9032637476921082 0
0.8942103385925293 0
0.8825385570526123 0
0.9192890524864197 0
0.9060394763946533 0
0.8992051482200623 0
0.8687079548835754 0
0.9026874303817749 0
0.918053925037384 0
0.9158306121826172 0
0.8357686996459961 0
0.8598967790603638 0
0.9090250134468079 0
0.8788296580314636 0
0.9305007457733154 0
0.8598495721817017 0
0.9264622330665588 0
0.8246697783470154 0
0.903862476348877 0
0.9204167723655701 0
0.8627762794494629 0
0.8610731363296509 0
0.8621745705604553 0
0.822151780128479 0
0.9087427854537964 0
0.8913485407829285 0
0.8675751686096191 0
0.8964031934738159 0
0.8630731105804443 0
0.8696260452270508 0
0.9500628113746643 0
0.9166423082351685 0
0.9189209938049316 0
0.9356391429901123 0
0.9312921166419983 0
0.9118754863739014 0
0.9187983870506287 0
0.9007239937782288 0
0.852144181728363 0
0.9342738389968872 0
0.927344560623169 0
0.9494262933731079 0
0.9048219919204712 0
0.9024798274040222 0
0.8839407563209534 0
0.8279961943626404 0
0.9317042827606201 0
0.9205935001373291 0
0.8984243273735046 0
0.921001672744751 0
0.9068686366081238 0
0.9268050193786621 0
0.8624857068061829 0
0.8333103656768799 0
0.9573981761932373 0
0.9117774963378906 0
0.9467523097991943 0
0.8814848065376282 0
0.9103667736053467 0
0.8499911427497864 0
0.9350743889808655 0
0.9193793535232544 0
0.9192214012145996 0
0.8530825972557068 0
0.8767157196998596 0
0.9127288460731506 0
0.9215173125267029 0
0.49304646253585815 0
0.5762083530426025 0
0.6059601306915283 0
0.5129358172416687 0
0.4995057284832001 0
0.4667947590351105 0
0.5367840528488159 0
0.5771370530128479 0
0.500664472579956 0
0.56871497631073 0
0.6297197341918945 0
0.5803574323654175 0
0.6117836833000183 0
0.6284925937652588 0
0.2776470184326172 0
0.5404881834983826 0
0.3861791491508484 0
0.3599373996257782 0
0.3631992042064667 0
0.25441592931747437 0
0.34030914306640625 0
0.44336751103401184 0
0.17519858479499817 0
0.40259599685668945 0
0.3777877986431122 0
0.5241797566413879 0
0.3768645226955414 0
0.39469632506370544 0
0.4080009460449219 0
0.6205462217330933 0
0.6037476658821106 0
0.6529181003570557 0
0.6586233377456665 0
0.6239577531814575 0
0.6058067679405212 0
0.6971138119697571 0
0.5896084904670715 0
0.6542485952377319 0
0.6994596719741821 0
0.7942779064178467 0
0.5366281867027283 0
0.6521589756011963 0
0.7449238896369934 0
0.5474395751953125 0
0.7867338061332703 0
0.7134051322937012 0
0.7627352476119995 0
0.8065927028656006 0
0.6909178495407104 0
0.8160760402679443 0
0.7760099172592163 0
0.7802631258964539 0
0.7387858033180237 0
0.7163719534873962 0
0.5658729672431946 0
0.8036672472953796 0
0.6688030362129211 0
0.7969675064086914 0
0.7546281814575195 0
0.6968507766723633 0
0.6872812509536743 0
0.7488651275634766 0
0.6067947149276733 0
0.6452005505561829 0
0.630301833152771 0
0.8369190692901611 0
0.7305039763450623 0
0.6854724287986755 0
0.8139806985855103 0
0.602773904800415 0
0.6665033102035522 0
0.9320365786552429 1
0.9553466439247131 1
0.9471635818481445 1
0.973737359046936 1
0.9423592686653137 1
0.972267746925354 1
0.9636089205741882 1
0.9834079742431641 1
0.9743474125862122 1
0.9704502820968628 1
0.9343637824058533 1
0.9770990014076233 1
0.9766961932182312 1
0.9279119372367859 1
0.9533346891403198 1
0.9496814012527466 1
0.8711277842521667 1
0.9847065210342407 1
0.9272253513336182 1
0.9389004111289978 1
0.9416040182113647 1
0.9712570905685425 1
0.9222213625907898 1
0.9577921032905579 1
0.9820724129676819 1
0.9578295350074768 1
0.9758583903312683 1
0.9666727185249329 1
0.9698643088340759 1
0.95804762840271 1
0.9777337312698364 1
0.9637104868888855 1
0.93647301197052 1
0.9677088856697083 1
0.9736122488975525 1
0.9467397332191467 1
0.942169725894928 1
0.9404686093330383 1
0.9518149495124817 1
0.970585823059082 1
0.9642625451087952 1
0.9457496404647827 1
0.8475366830825806 0
0.8411892056465149 0
0.8627983927726746 0
0.8959110975265503 0
0.8720566034317017 0
0.8383307456970215 0
0.8850873112678528 0
0.8673888444900513 0
0.8489330410957336 0
0.8747677803039551 0
0.8786314129829407 0
0.9125325679779053 0
0.9063611626625061 0
0.8809263706207275 0
0.8793374300003052 0
0.9663560390472412 1
0.9720787405967712 1
0.9516786336898804 1
0.9636573791503906 1
0.9520975351333618 1
0.9269862174987793 1
0.930006742477417 1
0.8809658288955688 1
0.9677955508232117 1
0.9636427164077759 1
0.9432874917984009 1
0.9587761163711548 1
0.9425904750823975 1
0.9693577289581299 1
0.9838912487030029 1
0.7532446980476379 0
0.8490875363349915 0
0.8633092045783997 0
0.8873406648635864 0
0.8251399993896484 0
0.8498729467391968 0
0.8813116550445557 0
0.8372596502304077 0
0.788727343082428 0
0.9138646721839905 0
0.8927439451217651 0
0.8983591794967651 0
0.9644312858581543 0
0.9453418254852295 0
0.8996885418891907 0
0.8749741911888123 0
0.9112321734428406 0
0.9126455783843994 0
0.917373776435852 0
0.9071111679077148 0
0.9061630368232727 0
0.8856689929962158 0
0.8690097332000732 0
0.9174838066101074 0
0.892478883266449 0
0.8652185797691345 0
0.8212645649909973 0
0.9132336974143982 0
0.8355634808540344 0
0.7996035814285278 0
0.905214250087738 0
0.8255285620689392 0
0.9141947031021118 0
0.8981447219848633 0
0.9009902477264404 0
0.8853875398635864 0
0.938130795955658 0
0.8874227404594421 0
0.8202871084213257 0
0.8248999714851379 0
0.8425191640853882 0
0.869117021560669 0
0.4258899986743927 0
0.40244024991989136 0
0.523351788520813 0
0.4339250326156616 0
0.4706166386604309 0
0.5851350426673889 0
0.4888871908187866 0
0.5453369617462158 0
0.38867610692977905 0
0.5556761622428894 0
0.5424352288246155 0
0.4990796148777008 0
0.4514493942260742 0
0.5752626657485962 0
0.44124943017959595 0
0.21564877033233643 0
0.3975815176963806 0
0.34020936489105225 0
0.2507789731025696 0
0.2934230864048004 0
0.16927024722099304 0
0.28714457154273987 0
0.2579384744167328 0
0.2901763916015625 0
0.4685584306716919 0
0.3457382917404175 0
0.28815698623657227 0
0.3414496183395386 0
0.26951467990875244 0
0.7888756990432739 0
0.6388477087020874 0
0.6587268710136414 0
0.6174437403678894 0
0.6387553811073303 0
0.7056813836097717 0
0.647196352481842 0
0.6580651998519897 0
0.8305704593658447 0
0.8040230870246887 0
0.7606291770935059 0
0.7256224751472473 0
0.7137784957885742 0
0.7110827565193176 0
0.6414346098899841 0
0.7151514887809753 0
0.7482550144195557 0
0.761664092540741 0
0.7440991401672363 0
0.671697735786438 0
0.7454479932785034 0
0.7397061586380005 0
0.6328601837158203 0
0.761707067489624 0
0.6794319152832031 0
0.6829378604888916 0
0.7048155069351196 0
0.6112289428710938 0
0.5413732528686523 0
0.7058990001678467 0
0.7657397389411926 0
0.7016303539276123 0
0.6165037751197815 0
0.7621967792510986 0
0.7980011701583862 0
0.6558837294578552 0
0.6857841610908508 0
0.6410570740699768 0
0.7336204648017883 0
0.7798651456832886 0
0.7785704731941223 0
0.6161446571350098 0
0.8322403430938721 0
0.8699443936347961 0
0.8847610950469971 0
0.9101274609565735 0
0.8519797325134277 0
0.9274900555610657 0
0.8610127568244934 0
0.883444607257843 0
0.8751979470252991 0
0.8910154104232788 0
0.856615424156189 0
0.8506937623023987 0
0.8571563959121704 0
0.8689121603965759 0
0.9304096698760986 0
0.9127215147018433 0
0.8877514600753784 0
0.9044610857963562 0
0.8703937530517578 0
0.8239127993583679 0
0.8694700598716736 0
0.9084262847900391 0
0.9010189771652222 0
0.8883061408996582 0
0.9203168749809265 0
0.8127848505973816 0
0.9025917053222656 0
0.9122881889343262 0
0.8541934490203857 0
0.8583055734634399 0
0.8602723479270935 0
0.9043483138084412 0
0.9285243153572083 0
0.8900927901268005 0
0.8874343633651733 0
0.883510410785675 0
0.8414758443832397 0
0.8343508839607239 0
0.8758499622344971 0
0.8777148127555847 0
0.7856342196464539 0
0.8959546089172363 0
0.8862533569335938 0
0.9348435401916504 1
0.8971683382987976 1
0.9393664598464966 1
0.9464185833930969 1
0.9791894555091858 1
0.9836313128471375 1
0.984336793422699 1
0.9135715961456299 1
0.9741583466529846 1
0.9846014380455017 1
0.9547678828239441 1
0.933830201625824 1
0.9321337938308716 1
0.9522841572761536 1
0.9796737432479858 1
0.9675533175468445 1
0.9738624095916748 1
0.9578753709793091 1
0.9844379425048828 1
0.9777073264122009 1
0.9786375761032104 1
0.9702318906784058 1
0.9658910632133484 1
0.9751033782958984 1
0.9846859574317932 1
0.981653094291687 1
0.982569694519043 1
0.9880404472351074 1
0.9176754355430603 1
0.9755532741546631 1
0.9035966396331787 0
0.834326982498169 0
0.8932092189788818 0
0.8990403413772583 0
0.9186540842056274 0
0.9433665871620178 0
0.8670983910560608 0
0.8581156730651855 0
0.8827052116394043 0
0.9013546705245972 0
0.83099764585495 0
0.9248964190483093 0
0.8789563775062561 0
0.8386284112930298 0
0.8493037223815918 0
0.9512324333190918 0
0.9046390652656555 0
0.9163126945495605 0
0.8663753867149353 0
0.9029436707496643 0
0.9135541319847107 0
0.9393004179000854 0
0.974586546421051 0
0.8549537658691406 0
0.9512017965316772 0
0.9231983423233032 0
0.8706514239311218 0
0.9056555032730103 0
0.8901759386062622 0
0.9097791314125061 0
0.9372490644454956 0
0.9124908447265625 0
0.9250159859657288 0
0.8099068999290466 0
0.7903777956962585 0
0.8562171459197998 0
0.9016216397285461 0
0.8687218427658081 0
0.8485361933708191 0
0.8226438164710999 0
0.9411917924880981 0
0.9129486083984375 0
0.5413506031036377 0
0.4731689989566803 0
0.4605730473995209 0
0.6082627773284912 0
0.596077561378479 0
0.46945855021476746 0
0.40135231614112854 0
0.47150349617004395 0
0.5121410489082336 0
0.4580359160900116 0
0.5646936893463135 0
0.5611959099769592 0
0.4940907657146454 0
0.5173962712287903 0
0.4715454578399658 0
0.41684457659721375 0
0.3294166624546051 0
0.3982812762260437 0
0.307512104511261 0
0.35398104786872864 0
0.4593521058559418 0
0.3503618538379669 0
0.2901556193828583 0
0.3376433551311493 0
0.29345762729644775 0
0.34302598237991333 0
0.29880067706108093 0
0.3077037036418915 0
0.38123029470443726 0
0.6734100580215454 0
0.6535698771476746 0
0.6616824269294739 0
0.5359110236167908 0
0.6727473735809326 0
0.7110087275505066 0
0.7521501779556274 0
0.6128621101379395 0
0.6409316062927246 0
0.5768255591392517 0
0.6512102484703064 0
0.6735478639602661 0
0.7303157448768616 0
0.69580078125 0
0.7497619390487671 0
0.7155628800392151 0
0.519900918006897 0
0.686369001865387 0
0.6795453429222107 0
0.656091570854187 0
0.7263100743293762 0
0.8142900466918945 0
0.6372183561325073 0
0.6938214302062988 0
0.7106989026069641 0
0.6622734665870667 0
0.6772112846374512 0
0.6851962804794312 0
0.5636993050575256 0
0.8056678175926208 0
0.7177645564079285 0
0.8344742655754089 0
0.8780225515365601 0
0.7844365239143372 0
0.8512341380119324 0
0.8093030452728271 0
0.8020321726799011 0
0.8037434816360474 0
0.873138427734375 0
0.8128618597984314 0
0.7890855669975281 0
0.7153715491294861 0
0.8163872957229614 0
0.9190464615821838 0
0.8724638819694519 0
0.9724116325378418 0
0.8947461247444153 0
0.896301805973053 0
0.9280522465705872 0
0.8823531270027161 0
0.8936014771461487 0
0.8943461775779724 0
0.8379614353179932 0
0.9340295195579529 0
0.9664232730865479 0
0.9134261608123779 0
0.9001298546791077 0
0.9024054408073425 0
0.9479770660400391 0
0.9212348461151123 0
0.9137626886367798 0
0.8521479368209839 0
0.9356144666671753 0
0.9019302129745483 0
0.931032121181488 0
0.9189673066139221 0
0.8160510659217834 0
0.8942697644233704 0
0.9152494668960571 0
0.7975926399230957 0
0.8678323030471802 0
0.956871747970581 0
0.9126392006874084 0
0.8897632360458374 0
0.9306210279464722 0
0.907963216304779 0
0.9570870399475098 0
0.905379056930542 0
0.9518096446990967 0
0.959082305431366 0
0.9336515665054321 0
0.9265458583831787 0
0.9274230003356934 0
0.9277591109275818 0
0.8154029846191406 0
0.7989104390144348 0
0.8445271849632263 0
0.8989222049713135 0
0.8311793804168701 0
0.8542561531066895 0
0.9468953013420105 0
0.8903223872184753 0
0.920803964138031 0
0.8541434407234192 0
0.8222002387046814 0
0.9000186324119568 0
0.8983131051063538 0
0.9272414445877075 0
0.9020022749900818 0
0.8716781735420227 0
0.948199987411499 0
0.8704347610473633 0
0.9233860969543457 0
0.9147846698760986 0
0.9142193794250488 0
0.9289588928222656 0
0.9021446108818054 0
0.9184295535087585 0
0.7627907991409302 0
0.9180364608764648 0
0.8926459550857544 0
0.8889706134796143 0
0.8765980005264282 0
0.8646162152290344 0
0.7371826171875 0
0.9690707325935364 1
0.9791160821914673 1
0.9855487942695618 1
0.9534757137298584 1
0.9776574373245239 1
0.949391782283783 1
0.9772946238517761 1
0.9417120218276978 1
0.969993531703949 1
0.958847165107727 1
0.9719188213348389 1
0.8992190361022949 1
0.9761706590652466 1
0.9852256178855896 1
0.9665073752403259 1
0.9837528467178345 1
0.9826958775520325 1
0.9770295023918152 1
0.9131743907928467 1
0.9598451256752014 1
0.9722428917884827 1
0.9569479823112488 1
0.9826568365097046 1
0.9878119826316833 1
0.9804020524024963 1
0.9556989669799805 1
0.9475751519203186 1
0.9771715998649597 1
0.9901658296585083 1
0.9799255728721619 1
0.8809608221054077 1
0.9611737132072449 1
0.9624220728874207 1
0.933282196521759 1
0.9138780236244202 1
0.957175612449646 1
0.9383717179298401 1
0.9612050652503967 1
0.9472777843475342 1
0.9710248708724976 1
0.9546168446540833 1
0.9209712147712708 1
0.3682135343551636 0
0.3311464488506317 0
0.3069893419742584 0
0.3485627770423889 0
0.3548712134361267 0
0.6207005381584167 0
0.36932793259620667 0
0.31454265117645264 0
0.37959420680999756 0
0.4492150843143463 0
0.3411383330821991 0
0.35503652691841125 0
0.3046337962150574 0
0.3362545073032379 0
0.43896064162254333 0
0.0702250599861145 0
0.1371431052684784 0
0.03870946168899536 0
0.018033459782600403 0
0.15324942767620087 0
0.11303198337554932 0
0.13900992274284363 0
0.11385092884302139 0
0.26447001099586487 0
0.07380766421556473 0
0.1463935822248459 0
0.05830833688378334 0
0.12947511672973633 0
0.05463336408138275 0
0.8374795317649841 0
0.7918084859848022 0
0.8598491549491882 0
0.7994092106819153 0
0.820223331451416 0
0.892276406288147 0
0.808449923992157 0
0.7547324299812317 0
0.8005128502845764 0
0.7445887923240662 0
0.7690520882606506 0
0.8085626363754272 0
0.7186945676803589 0
0.745542585849762 0
0.8546566367149353 0
0.7195927500724792 0
0.7282829284667969 0
0.8326937556266785 0
0.8719035387039185 0
0.7723758220672607 0
0.8212456703186035 0
0.8317283987998962 0
0.8533284664154053 0
0.7289987802505493 0
0.8851747512817383 0
0.8213120102882385 0
0.8332822918891907 0
0.8249247074127197 0
0.8872835040092468 0
0.8538254499435425 0
0.8332300782203674 0
0.8001132607460022 0
0.6698479652404785 0
0.7797773480415344 0
0.8625423312187195 0
0.8525975942611694 0
0.7809896469116211 0
0.6619583964347839 0
0.8543557524681091 0
0.8099924325942993 0
0.8273628354072571 0
0.8382181525230408 0
0.898975133895874 0
0.9177995920181274 0
0.939195990562439 0
0.910658061504364 0
0.9142311811447144 0
0.9518053531646729 0
0.933978259563446 0
0.9624713063240051 0
0.9201987385749817 0
0.8788113594055176 0
0.9240795373916626 0
0.9515604376792908 0
0.9258633852005005 0
0.8855337500572205 0
0.9465650916099548 0
0.8438822031021118 0
0.8572807312011719 0
0.9322169423103333 0
0.8940039277076721 0
0.9151061773300171 0
0.8917645812034607 0
0.9537770748138428 0
0.9271690249443054 0
0.9287025332450867 0
0.9495893716812134 0
0.9472045302391052 0
0.8985817432403564 0
0.8912966847419739 0
0.9092883467674255 0
0.8876848816871643 0
0.8198038935661316 0
0.9086652398109436 0
0.9478426575660706 0
0.868884801864624 0
0.9394431710243225 0
0.9294862747192383 0
0.9154388308525085 0
0.9649596810340881 0
0.9045689105987549 0
0.9280833601951599 0
0.9034304618835449 0
0.917896568775177 0
0.8675872087478638 0
0.8009141683578491 0
0.8618009090423584 0
0.9056535363197327 0
0.8592264652252197 0
0.8815411329269409 0
0.9473952054977417 0
0.8750161528587341 0
0.9211714267730713 0
0.8920503854751587 0
0.9246454238891602 0
0.9049196839332581 0
0.8714361786842346 0
0.8785560131072998 0
0.9682615399360657 0
0.9170898795127869 0
0.8977930545806885 0
0.9185311198234558 0
0.8727626204490662 0
0.8934268951416016 0
0.8636063933372498 0
0.9246247410774231 0
0.9398723244667053 0
0.9394072890281677 0
0.9034443497657776 0
0.868511438369751 0
0.8476100564002991 0
0.8658384084701538 0
0.837912917137146 0
0.8677523136138916 0
0.9673857092857361 1
0.9736509323120117 1
0.9298456311225891 1
0.9676221609115601 1
0.9747413396835327 1
0.9557875990867615 1
0.980743944644928 1
0.9824309349060059 1
0.9675025939941406 1
0.9463386535644531 1
0.973631739616394 1
0.9721947908401489 1
0.9579670429229736 1
0.9860334396362305 1
0.9628000259399414 1
0.9709222316741943 1
0.9862005114555359 1
0.9821569323539734 1
0.9941256642341614 1
0.9880756735801697 1
0.9550133347511292 1
0.984105110168457 1
0.9880409240722656 1
0.9794142246246338 1
0.9678941965103149 1
0.9690645337104797 1
0.9851959943771362 1
0.9909157156944275 1
0.9837231636047363 1
0.9497918486595154 1
0.9999998807907104 1
0.9724768996238708 1
0.9796077609062195 1
0.9647877216339111 1
0.9868162870407104 1
0.9613590240478516 1
0.9694826006889343 1
0.9536486864089966 1
0.981492817401886 1
0.9673646092414856 1
0.9792236089706421 1
0.9476537108421326 1
0.9780146479606628 1
0.4575396478176117 0
0.6109544038772583 0
0.3629258871078491 0
0.2986461818218231 0
0.322977215051651 0
0.5563677549362183 0
0.42868468165397644 0
0.23796996474266052 0
0.20111675560474396 0
0.5236793756484985 0
0.43320369720458984 0
0.3794804811477661 0
0.48530113697052 0
0.43238624930381775 0
0.1746331751346588 0
0.10434572398662567 0
0.12794668972492218 0
0.05639990419149399 0
0.06007712706923485 0
0.18012811243534088 0
0.14956416189670563 0
0.11327385157346725 0
0.14393167197704315 0
0.15310777723789215 0
0.14382006227970123 0
0.18980278074741364 0
0.16969551146030426 0
0.0855952575802803 0
0.12597596645355225 0
0.8429642915725708 0
0.8351834416389465 0
0.7933998107910156 0
0.75904780626297 0
0.8570210337638855 0
0.8155753016471863 0
0.825090229511261 0
0.8658972382545471 0
0.8640941977500916 0
0.850029468536377 0
0.8400257229804993 0
0.8633537292480469 0
0.7370275855064392 0
0.8696311712265015 0
0.7737226486206055 0
0.9200857877731323 0
0.8197838068008423 0
0.8191148042678833 0
0.83012855052948 0
0.8461861610412598 0
0.8690955638885498 0
0.8908132910728455 0
0.848462700843811 0
0.8377546668052673 0
0.7961891293525696 0
0.7974891066551208 0
0.8587437868118286 0
0.7276167273521423 0
0.7898326516151428 0
0.7572373151779175 0
0.751158595085144 0
0.8916516900062561 0
0.8181293606758118 0
0.7448039650917053 0
0.7758005261421204 0
0.7482532262802124 0
0.8002012968063354 0
0.7430394887924194 0
0.8607016801834106 0
0.7078861594200134 0
0.8212066292762756 0
0.833206057548523 0
0.895635724067688 0
0.9162915349006653 0
0.8629780411720276 0
0.9271622896194458 0
0.9552264213562012 0
0.9124786853790283 0
0.9394649267196655 0
0.9405907392501831 0
0.9058355689048767 0
0.8913957476615906 0
0.846537709236145 0
0.9629418849945068 0
0.9703989624977112 0
0.8922990560531616 0
0.9225367307662964 0
0.8816384673118591 0
0.853490948677063 0
0.8721265196800232 0
0.8813503384590149 0
0.9483092427253723 0
0.9412342309951782 0
0.8392709493637085 0
0.8765155076980591 0
0.8939911127090454 0
0.9270626902580261 0
0.8935993313789368 0
0.9326483011245728 0
0.8891878724098206 0
0.789774477481842 0
0.8885682821273804 0
0.8388429880142212 0
0.9149495959281921 0
0.8800031542778015 0
0.9342736601829529 0
0.9214491844177246 0
0.901515543460846 0
0.9557330012321472 0
0.9362232089042664 0
0.9583507180213928 0
0.6194643974304199 0
0.6042506098747253 0
0.3768880069255829 0
0.5204358696937561 0
0.4805990755558014 0
0.43547776341438293 0
0.49488091468811035 0
0.5382521748542786 0
0.4558407962322235 0
0.5725428462028503 0
0.44432541728019714 0
0.4790266454219818 0
0.5724149346351624 0
0.4159076511859894 0
0.6031270027160645 0
0.38057592511177063 0
0.38787075877189636 0
0.44833168387413025 0
0.5171350836753845 0
0.5132349133491516 0
0.47491011023521423 0
0.5297157764434814 0
0.4591900110244751 0
0.4451740086078644 0
0.5550013780593872 0
0.5149286389350891 0
0.4789353907108307 0
0.5049328207969666 0
0.4311790466308594 0
0.4161297678947449 0
0.3855525553226471 0
0.44402316212654114 0
0.5318925976753235 0
0.29702240228652954 0
0.32546132802963257 0
0.19758035242557526 0
0.3453606069087982 0
0.4081302583217621 0
0.3264436721801758 0
0.44490790367126465 0
0.38936740159988403 0
0.32753586769104004 0
0.4341268539428711 0
0.3369631767272949 0
0.291162371635437 0
0.4552193582057953 0
0.5887436270713806 0
0.30955299735069275 0
0.3285021185874939 0
0.354478657245636 0
0.5450608134269714 0
0.4097805619239807 0
0.3516957759857178 0
0.2912045419216156 0
0.4950938820838928 0
0.4708375334739685 0
0.38145628571510315 0
0.6644356846809387 0
0.44345369935035706 0
0.36839666962623596 0
0.41042351722717285 0
0.3259986937046051 0
0.3871106207370758 0
0.19575928151607513 0
0.43170323967933655 0
0.4690624475479126 0
0.4898878335952759 0
0.3633211851119995 0
0.35821226239204407 0
0.4560529589653015 0
0.5910890102386475 0
0.3637487292289734 0
0.3146700859069824 0
0.29627054929733276 0
0.2283407300710678 0
0.3949925899505615 0
0.9111936688423157 1
0.9558472037315369 1
0.9708771705627441 1
0.9786432385444641 1
0.988587498664856 1
0.9761070013046265 1
0.891635537147522 1
0.9702866077423096 1
0.9894620180130005 1
0.9760085940361023 1
0.9743947982788086 1
0.9604246020317078 1
0.8672524690628052 1
0.985834538936615 1
0.7394025325775146 1
0.7986269593238831 1
0.6987388730049133 1
0.7165107131004333 1
0.7299420833587646 1
0.7168126106262207 1
0.7623123526573181 1
0.7316155433654785 1
0.7391682863235474 1
0.7316423654556274 1
0.7208528518676758 1
0.7516653537750244 1
0.740731954574585 1
0.763465166091919 1
0.775603711605072 1
0.07849938422441483 0
0.06979451328516006 0
0.1559767872095108 0
0.24084104597568512 0
0.1896827667951584 0
0.05558762699365616 0
0.11899678409099579 0
0.17891336977481842 0
0.11556635051965714 0
0.17427630722522736 0
0.14134447276592255 0
0.2337617576122284 0
0.10949729382991791 0
0.2607511579990387 0
0.1628892570734024 0
0.1710243970155716 0
0.10419763624668121 0
0.27102231979370117 0
0.15805207192897797 0
0.05060272291302681 0
0.15747378766536713 0
0.15161751210689545 0
0.1540890336036682 0
0.07313158363103867 0
0.19241571426391602 0
0.019518250599503517 0
0.18344634771347046 0
0.08646874874830246 0
0.313584566116333 0
0.181405171751976 0
0.15418943762779236 0
0.19647496938705444 0
0.19439400732517242 0
0.14964695274829865 0
0.10139185190200806 0
0.14837385714054108 0
0.19420966506004333 0
0.2883436679840088 0
0.17043638229370117 0
0.26450255513191223 0
0.1791432648897171 0
-0.1090087741613388 0
0.16697683930397034 0
0.2523140609264374 0
0.24482402205467224 0
0.2862843871116638 0
0.2814268469810486 0
0.2615692615509033 0
0.27480024099349976 0
0.3361607491970062 0
0.2574015259742737 0
0.2654177248477936 0
0.2891985774040222 0
0.2890273630619049 0
0.3853074312210083 0
0.3228079676628113 0
0.2901177704334259 0
0.39874064922332764 0
0.22130988538265228 0
0.3527323305606842 0
0.2522485852241516 0
0.19605609774589539 0
0.2986009418964386 0
0.17066240310668945 0
0.2842291295528412 0
0.3113764822483063 0
0.2815662920475006 0
0.29589661955833435 0
0.4334908425807953 0
0.3611428141593933 0
0.34260910749435425 0
0.2772916555404663 0
0.29329395294189453 0
0.40476617217063904 0
0.3207578659057617 0
0.22211207449436188 0
0.4155263602733612 0
0.3721548020839691 0
0.2932796776294708 0
0.2702066898345947 0
0.20711016654968262 0
0.33007922768592834 0
0.4172181785106659 0
0.2949642539024353 0
0.3832440674304962 0
0.3422876298427582 0
0.21897855401039124 0
0.21741850674152374 0
0.30071860551834106 0
0.24673859775066376 0
0.3206205666065216 0
0.3197011351585388 0
0.31792140007019043 0
0.31790539622306824 0
0.3314044177532196 0
0.27224791049957275 0
0.17354491353034973 0
0.2944357395172119 0
0.36994844675064087 0
0.36945641040802 0
0.33826547861099243 0
0.25654086470603943 0
0.28226351737976074 0
0.35816752910614014 0
0.33781057596206665 0
0.15612107515335083 0
0.2645218074321747 0
0.3846954107284546 0
0.5270306468009949 0
0.3346598446369171 0
0.3346911072731018 0
0.43629276752471924 0
0.3349297046661377 0
0.2786439061164856 0
0.05874078348278999 0
0.07053318619728088 0
0.226920947432518 0
0.20154164731502533 0
0.21431215107440948 0
0.10083260387182236 0
0.16635923087596893 0
0.06627416610717773 0
0.24770724773406982 0
0.2640160024166107 0
0.1679173707962036 0
0.1770748496055603 0
0.13936422765254974 0
0.11339835077524185 0
0.03220972791314125 0
0.13086766004562378 0
0.18479184806346893 0
0.14016219973564148 0
0.20779761672019958 0
0.10148487240076065 0
0.2489762157201767 0
-0.010819176211953163 0
0.10271769762039185 0
0.1343277245759964 0
0.2455180436372757 0
0.10338389128446579 0
0.08160321414470673 0
0.17310422658920288 0
0.18889783322811127 0
0.16523219645023346 0
0.03607852756977081 0
0.3165145516395569 0
0.18106776475906372 0
0.14819686114788055 0
0.12316341698169708 0
0.17614729702472687 0
0.1046207994222641 0
0.11612722277641296 0
0.3547295331954956 0
0.08471184223890305 0
0.2022985965013504 0
0.13770312070846558 0
0.6399317979812622 1
0.6657281517982483 1
0.7015759348869324 1
0.6976463198661804 1
0.7540500164031982 1
0.7034786343574524 1
0.7361710071563721 1
0.8091602325439453 1
0.7096084952354431 1
0.7569457292556763 1
0.7544581890106201 1
0.7533396482467651 1
0.7754679322242737 1
0.7115858197212219 1
0.7236122488975525 1
0.9665414690971375 1
0.9885701537132263 1
0.989156186580658 1
0.9822104573249817 1
0.9923210740089417 1
0.9818504452705383 1
0.9937384724617004 1
0.996153712272644 1
0.9187331795692444 1
0.974276602268219 1
0.9908636212348938 1
0.9806895852088928 1
0.9892493486404419 1
0.9958171844482422 1
0.0214491356164217 0
