0.9764103293418884 1
0.9824696183204651 1
0.9865878224372864 1
0.9883151054382324 1
0.9682294130325317 1
0.9701881408691406 1
0.9670882821083069 1
0.975472092628479 1
0.9926201105117798 1
0.9928473830223083 1
0.9702985286712646 1
0.9881485104560852 1
0.9935145378112793 1
0.9793587327003479 1
0.9893969893455505 1
0.9752398729324341 1
0.9638177752494812 1
0.9846773147583008 1
0.9825423359870911 1
0.9842188358306885 1
0.9878990650177002 1
0.9697756767272949 1
0.9797430634498596 1
0.9871333837509155 1
0.9847391247749329 1
0.9816426038742065 1
0.9921656250953674 1
0.992159366607666 1
0.9609583020210266 1
0.9729084372520447 1
0.9909470081329346 1
0.9846675992012024 1
0.9867262840270996 1
0.9945499300956726 1
0.9767242670059204 1
0.9840410947799683 1
0.991908848285675 1
0.9898471832275391 1
0.995368480682373 1
0.9752629995346069 1
0.9878337383270264 1
0.9887701272964478 1
0.7877968549728394 0
0.7993385791778564 0
0.8360894918441772 0
0.8524293303489685 0
0.822067141532898 0
0.8279841542243958 0
0.8196784257888794 0
0.9132874608039856 0
0.8499292135238647 0
0.858024001121521 0
0.7692127823829651 0
0.8839725852012634 0
0.8942200541496277 0
0.8934236168861389 0
0.8782988786697388 0
0.846163809299469 0
0.8255926966667175 0
0.8408595323562622 0
0.8768705725669861 0
0.8115403652191162 0
0.8621174097061157 0
0.9139406085014343 0
0.8527701497077942 0
0.750711977481842 0
0.8351205587387085 0
0.7693982720375061 0
0.8031980991363525 0
0.8353667855262756 0
0.7993572950363159 0
0.8840758800506592 0
0.7570134401321411 0
0.8942301869392395 0
0.7600696682929993 0
0.8518494367599487 0
0.8426255583763123 0
0.8759189248085022 0
0.8455471396446228 0
0.8647523522377014 0
0.9096671342849731 0
0.7852634787559509 0
0.8035240173339844 0
0.7617895603179932 0
0.7935066819190979 0
0.7573291659355164 0
0.847554624080658 0
0.7648178339004517 0
0.773324191570282 0
0.8563046455383301 0
0.8666280508041382 0
0.8288170099258423 0
0.8183161616325378 0
0.8224038481712341 0
0.6973997950553894 0
0.7990678548812866 0
0.8995254039764404 0
0.8978617191314697 0
0.8259767293930054 0
0.8157855272293091 0
0.7988271713256836 0
0.7968481183052063 0
0.7094541788101196 0
0.745725691318512 0
0.7767870426177979 0
0.7858805060386658 0
0.8518564701080322 0
0.7292744517326355 0
0.814609944820404 0
0.7643800377845764 0
0.820030927658081 0
0.8501993417739868 0
0.7865753173828125 0
0.7759363651275635 0
0.9100023508071899 0
0.922934889793396 0
0.9116719365119934 0
0.9229497909545898 0
0.8553723692893982 0
0.8290232419967651 0
0.8784826397895813 0
0.8431652188301086 0
0.9374178647994995 0
0.9327337741851807 0
0.9277055859565735 0
0.8745431303977966 0
0.8940356969833374 0
0.8480430245399475 0
0.9128337502479553 0
0.8760819435119629 0
0.9056903123855591 0
0.9206303358078003 0
0.8570749163627625 0
0.8389423489570618 0
0.9227495193481445 0
0.8823602795600891 0
0.8636966347694397 0
0.9580082297325134 0
0.9254735112190247 0
0.8717004060745239 0
0.9321818947792053 0
0.8813202977180481 0
0.931032657623291 0
0.8651211261749268 0
0.9257919192314148 0
0.9426653981208801 0
0.8873725533485413 0
0.9660996794700623 0
0.952064573764801 0
0.8807055354118347 0
0.9150552153587341 0
0.9108356833457947 0
0.9414463639259338 0
0.9259218573570251 0
0.9003334045410156 0
0.9760988354682922 0
0.3693487048149109 0
0.24161240458488464 0
0.2195032685995102 0
0.30656862258911133 0
0.20768201351165771 0
0.3966650366783142 0
0.10236311703920364 0
0.1836688369512558 0
0.25443708896636963 0
0.4611220955848694 0
0.5672175288200378 0
0.5585284233093262 0
0.48924320936203003 0
0.43317264318466187 0
0.5761178135871887 0
0.22468866407871246 0
0.14256517589092255 0
0.10107144713401794 0
0.09347794950008392 0
0.25458499789237976 0
0.10598602890968323 0
0.23951952159404755 0
0.09145674854516983 0
0.22143509984016418 0
0.0931876078248024 0
0.07262395322322845 0
0.1378636509180069 0
0.10207168757915497 0
0.1956692636013031 0
0.9791842699050903 1
0.9970303773880005 1
0.9725911021232605 1
0.9936358332633972 1
0.9909555912017822 1
0.9687008261680603 1
0.9830015301704407 1
0.9288948178291321 1
0.9891577363014221 1
0.992737352848053 1
0.9292113184928894 1
0.9940752983093262 1
0.996484637260437 1
0.9874439239501953 1
0.994692862033844 1
0.9934020638465881 1
0.986762285232544 1
0.9650158286094666 1
0.9605538845062256 1
0.9588765501976013 1
0.9693226218223572 1
0.9905953407287598 1
0.9596917033195496 1
0.9858828783035278 1
0.9738584160804749 1
0.9934439659118652 1
0.985441267490387 1
0.9558181166648865 1
0.9777320027351379 1
0.958163857460022 1
0.9608870148658752 1
0.9465003609657288 1
0.9924697875976562 1
0.9886225461959839 1
0.9652842879295349 1
0.9853655695915222 1
0.9889593720436096 1
0.9894109964370728 1
0.9906176328659058 1
0.9853126406669617 1
0.9800253510475159 1
0.9649086594581604 1
0.9802231788635254 1
0.8261637091636658 0
0.7173272371292114 0
0.9156565070152283 0
0.8224397301673889 0
0.8671251535415649 0
0.895811140537262 0
0.7887111902236938 0
0.7892831563949585 0
0.8262868523597717 0
0.8344331383705139 0
0.7970902919769287 0
0.8907114863395691 0
0.836309552192688 0
0.8645655512809753 0
0.8732806444168091 0
0.8502368927001953 0
0.8632660508155823 0
0.8075993657112122 0
0.7875096797943115 0
0.8659511804580688 0
0.8842836618423462 0
0.8199139833450317 0
0.7720827460289001 0
0.772660493850708 0
0.8892436027526855 0
0.7886746525764465 0
0.7564245462417603 0
0.8682152628898621 0
0.8596089482307434 0
0.7925130724906921 0
0.7965885400772095 0
0.8931549191474915 0
0.8931594491004944 0
0.9022965431213379 0
0.8615816831588745 0
0.9221651554107666 0
0.8666836619377136 0
0.8292738199234009 0
0.8767251372337341 0
0.8142019510269165 0
0.8743475079536438 0
0.826761782169342 0
0.7777542471885681 0
0.7417502999305725 0
0.7757089138031006 0
0.7952525615692139 0
0.7769102454185486 0
0.8399154543876648 0
0.8261483907699585 0
0.791736900806427 0
0.8181018233299255 0
0.7889689803123474 0
0.7628484964370728 0
0.8911890983581543 0
0.8144029378890991 0
0.8071884512901306 0
0.8600013852119446 0
0.8353961110115051 0
0.8098157048225403 0
0.8051163554191589 0
0.8630672097206116 0
0.8053060173988342 0
0.8150696158409119 0
0.8165236115455627 0
0.8759050369262695 0
0.789592981338501 0
0.7940192818641663 0
0.8646385669708252 0
0.8233080506324768 0
0.7970378398895264 0
0.773409366607666 0
0.8204633593559265 0
0.9029540419578552 0
0.9132054448127747 0
0.8575364351272583 0
0.9480303525924683 0
0.8475423455238342 0
0.9148784875869751 0
0.8544400930404663 0
0.9094657301902771 0
0.9141572117805481 0
0.9541130065917969 0
0.9376218318939209 0
0.8257942199707031 0
0.9407324194908142 0
0.8732464909553528 0
0.8999650478363037 0
0.8191609978675842 0
0.8833950161933899 0
0.8839300870895386 0
0.7682745456695557 0
0.8649137020111084 0
0.8925350904464722 0
0.8918861746788025 0
0.9263630509376526 0
0.9423575401306152 0
0.8277251720428467 0
0.884108304977417 0
0.8811101317405701 0
0.8943577408790588 0
0.9203081727027893 0
0.8989165425300598 0
0.9039863348007202 0
0.8277219533920288 0
0.9177531003952026 0
0.8833844661712646 0
0.9006341695785522 0
0.8836088180541992 0
0.8096583485603333 0
0.8676562309265137 0
0.795274019241333 0
0.92289799451828 0
0.9700784683227539 0
0.9007300734519958 0
0.2625034749507904 0
0.13288100063800812 0
0.2711755931377411 0
0.22952990233898163 0
0.33027252554893494 0
0.4346218407154083 0
0.3407360911369324 0
0.2045813649892807 0
0.4105147421360016 0
0.5120781660079956 0
0.49410152435302734 0
0.614055871963501 0
0.48982271552085876 0
0.4464646875858307 0
0.4488082826137543 0
0.09897210448980331 0
0.08471556007862091 0
0.13170744478702545 0
-0.026018330827355385 0
0.11388755589723587 0
0.13406814634799957 0
0.09698013216257095 0
0.12842462956905365 0
0.04075994715094566 0
-0.008441356010735035 0
-0.014976097270846367 0
0.01863849349319935 0
0.1997905820608139 0
-0.09915230423212051 0
0.9844568967819214 1
0.9822020530700684 1
0.9891403913497925 1
0.9689685106277466 1
0.975261390209198 1
0.9359627962112427 1
0.9785018563270569 1
0.9530621767044067 1
0.9708914756774902 1
0.9909237027168274 1
0.9874465465545654 1
0.9898868799209595 1
0.9806433916091919 1
0.9903038740158081 1
0.9782679080963135 1
0.9842643737792969 1
0.9806278944015503 1
0.9940720200538635 1
0.9731829762458801 1
0.9896493554115295 1
0.9883107542991638 1
0.9924028515815735 1
0.9776578545570374 1
0.9518624544143677 1
0.9844068288803101 1
0.9726768732070923 1
0.984996497631073 1
0.9775986671447754 1
0.9626084566116333 1
0.9825417399406433 1
0.9723279476165771 1
0.9802677631378174 1
0.9891143441200256 1
0.9819980263710022 1
0.9633695483207703 1
0.9810910820960999 1
0.9718238115310669 1
0.9836956858634949 1
0.9918169975280762 1
0.9818483591079712 1
0.9913686513900757 1
0.9848930835723877 1
0.8335070013999939 0
0.7954029440879822 0
0.7828143239021301 0
0.8823588490486145 0
0.8070968985557556 0
0.9206398725509644 0
0.8427239060401917 0
0.9279637336730957 0
0.860529363155365 0
0.7924421429634094 0
0.9938983917236328 1
0.9856476783752441 1
0.9632455110549927 1
0.9288272261619568 1
0.9838827848434448 1
0.9414886236190796 1
0.9867822527885437 1
0.9802916646003723 1
0.9726276397705078 1
0.9830448627471924 1
0.9764162302017212 1
0.9616685509681702 1
0.9865679144859314 1
0.971651554107666 1
0.9345920085906982 1
0.9614918828010559 1
0.9603118300437927 1
0.9387111067771912 1
0.9649117588996887 1
0.9590061902999878 1
0.9692577123641968 1
0.984188437461853 1
0.9702989459037781 1
0.9754422307014465 1
0.9862189292907715 1
0.9806747436523438 1
0.9765578508377075 1
0.9912877082824707 1
0.9578269720077515 1
0.9716698527336121 1
0.9909669756889343 1
0.9571979641914368 1
0.9393790364265442 0
0.9260943531990051 0
0.9205407500267029 0
0.9668947458267212 0
0.9632227420806885 0
0.9558215737342834 0
0.9370582699775696 0
0.9551076889038086 0
0.9673355221748352 0
0.9519449472427368 0
0.9283120036125183 0
0.957686722278595 0
0.9334322214126587 0
0.9353822469711304 0
0.9536277055740356 0
0.9607455134391785 0
0.9276391863822937 0
0.9385814070701599 0
0.9317297339439392 0
0.9626991748809814 0
0.8986831307411194 0
0.8977936506271362 0
0.9468830823898315 0
0.9164385199546814 0
0.9293678402900696 0
0.9362675547599792 0
0.9367139935493469 0
0.8992959856987 0
0.9477442502975464 0
0.9122611284255981 0
0.9779884219169617 0
0.9535438418388367 0
0.9184291958808899 0
0.9809502363204956 0
0.9439424872398376 0
0.9631031155586243 0
0.9784607887268066 0
0.9398238658905029 0
0.9591863751411438 0
0.9826915264129639 0
0.977105975151062 0
0.9722416996955872 0
0.9476870894432068 0
0.9483398199081421 0
0.9437965750694275 0
0.9769910573959351 0
0.9776026606559753 0
0.9391010999679565 0
0.9833850264549255 0
0.9785735011100769 0
0.9812111258506775 0
0.9356920719146729 0
0.9563618302345276 0
0.9757972955703735 0
0.9623185396194458 0
0.9484081864356995 0
0.9658782482147217 0
0.9717925786972046 0
0.970080554485321 0
0.9075125455856323 0
0.9095703959465027 0
0.9691527485847473 0
0.9520344734191895 0
0.9466680288314819 0
0.9591322541236877 0
0.9788666367530823 0
0.9506884813308716 0
0.9553165435791016 0
0.9723279476165771 0
0.9795300960540771 0
0.9301658272743225 0
0.9726631045341492 0
0.9630367755889893 0
0.509983479976654 0
0.5297892689704895 0
0.6929721236228943 0
0.7166885137557983 0
0.6818617582321167 0
0.775911808013916 0
0.7356777191162109 0
0.6485035419464111 0
0.46627768874168396 0
0.7044814825057983 0
0.7635430097579956 0
0.765483558177948 0
0.6816311478614807 0
0.7042088508605957 0
0.2796827554702759 0
0.3088045120239258 0
0.3181529939174652 0
0.3375808596611023 0
0.32948732376098633 0
0.2691631019115448 0
0.2791398763656616 0
0.34846577048301697 0
0.27842482924461365 0
0.3198702931404114 0
0.3808895945549011 0
0.4377557635307312 0
0.5532939434051514 0
0.32333582639694214 0
0.34110844135284424 0
0.8551772832870483 0
0.8517299890518188 0
0.8053635358810425 0
0.8416673541069031 0
0.8053019046783447 0
0.856203556060791 0
0.8633073568344116 0
0.8673731684684753 0
0.8834198117256165 0
0.9355611205101013 0
0.8527096509933472 0
0.8475292921066284 0
0.8167292475700378 0
0.8835924863815308 0
0.8583353757858276 0
0.9168199300765991 0
0.8871610760688782 0
0.830546498298645 0
0.8651097416877747 0
0.7759650349617004 0
0.849157989025116 0
0.8952723145484924 0
0.8532159924507141 0
0.7501586079597473 0
0.8144487738609314 0
0.8495834469795227 0
0.8783101439476013 0
0.8353255391120911 0
0.8610007166862488 0
0.8035302758216858 0
0.7843425869941711 0
0.8615618944168091 0
0.8411623239517212 0
0.7535378932952881 0
0.7768404483795166 0
0.8131740093231201 0
0.8224234580993652 0
0.7876957058906555 0
0.8060802817344666 0
0.8096349239349365 0
0.8715193867683411 0
0.8515324592590332 0
0.976564884185791 1
0.9394838213920593 1
0.956413745880127 1
0.9805933237075806 1
0.9827603101730347 1
0.9689261317253113 1
0.9892479777336121 1
0.9857053756713867 1
0.9730493426322937 1
0.9675741791725159 1
0.96492999792099 1
0.9444888830184937 1
0.9755749106407166 1
0.9895063638687134 1
0.9586954712867737 1
0.9702915549278259 1
0.966781497001648 1
0.9918864369392395 1
0.942112147808075 1
0.9933383464813232 1
0.9888805747032166 1
0.9666886925697327 1
0.9753658175468445 1
0.9893714189529419 1
0.9896299839019775 1
0.9381085634231567 1
0.9529688954353333 1
0.9717327952384949 1
0.9713162183761597 1
0.9581665992736816 1
0.9648725390434265 1
0.9854892492294312 1
0.9816039204597473 1
0.968890368938446 1
0.9825496077537537 1
0.9649949669837952 1
0.9571282267570496 1
0.9773402214050293 1
0.9834940433502197 1
0.9835259914398193 1
0.9758296608924866 1
0.9491680264472961 1
0.947834849357605 0
0.9155153632164001 0
0.9646288752555847 0
0.9701048731803894 0
0.9472403526306152 0
0.9588287472724915 0
0.9531922936439514 0
0.953542172908783 0
0.9389269351959229 0
0.9682044982910156 0
0.9530180096626282 0
0.9566919207572937 0
0.9261990785598755 0
0.9655112624168396 0
0.9536296129226685 0
0.9572161436080933 0
0.9401230812072754 0
0.8989420533180237 0
0.9472427368164062 0
0.9409128427505493 0
0.9651391506195068 0
0.9115999937057495 0
0.9626427888870239 0
0.9262831211090088 0
0.9516502022743225 0
0.9706318974494934 0
0.9169694781303406 0
0.9552648663520813 0
0.9246723651885986 0
0.933803141117096 0
0.9613229632377625 0
0.9595226645469666 0
0.9616256952285767 0
0.9332594871520996 0
0.9732651114463806 0
0.9625110626220703 0
0.9598279595375061 0
0.958558201789856 0
0.9809808731079102 0
0.978943943977356 0
0.9672200083732605 0
0.9414957165718079 0
0.9369459748268127 0
0.963664174079895 0
0.918719470500946 0
0.9630756974220276 0
0.9465817809104919 0
0.9672402739524841 0
0.9628885984420776 0
0.9379708766937256 0
0.9610850811004639 0
0.8825334906578064 0
0.9600093364715576 0
0.9740533232688904 0
0.9458751082420349 0
0.9444145560264587 0
0.931804895401001 0
0.9753185510635376 0
0.9183325171470642 0
0.9392552375793457 0
0.9810741543769836 0
0.950154185295105 0
0.9711984395980835 0
0.9303021430969238 0
0.9688609838485718 0
0.9056451916694641 0
0.9529674649238586 0
0.9325849413871765 0
0.9408310055732727 0
0.9659154415130615 0
0.937980055809021 0
0.9363458156585693 0
0.9461777806282043 0
0.6744956374168396 0
0.6382349729537964 0
0.718842089176178 0
0.6977099180221558 0
0.6222047805786133 0
0.6005470156669617 0
0.5382070541381836 0
0.5906007885932922 0
0.7583223581314087 0
0.7074263095855713 0
0.7827439308166504 0
0.7690752148628235 0
0.7433606386184692 0
0.7078254818916321 0
0.3281604051589966 0
0.3687317371368408 0
0.28649991750717163 0
0.35914498567581177 0
0.38030269742012024 0
0.28131040930747986 0
0.4385446012020111 0
0.3197706341743469 0
0.3105999231338501 0
0.3422786295413971 0
0.3331817388534546 0
0.4422803223133087 0
0.3579563796520233 0
0.48763617873191833 0
0.3619542121887207 0
0.8061737418174744 0
0.8253225684165955 0
0.8358622193336487 0
0.8411176800727844 0
0.8131823539733887 0
0.8136992454528809 0
0.8442954421043396 0
0.7909157872200012 0
0.7961268424987793 0
0.8539295196533203 0
0.8715059161186218 0
0.7359785437583923 0
0.7672204971313477 0
0.858721137046814 0
0.7397333383560181 0
0.9194254279136658 0
0.876034140586853 0
0.904853343963623 0
0.8941161036491394 0
0.8762155175209045 0
0.9479131102561951 0
0.8852396011352539 0
0.8331835269927979 0
0.8335354924201965 0
0.8355829119682312 0
0.7535598278045654 0
0.9192583560943604 0
0.8285938501358032 0
0.8988944888114929 0
0.8829715847969055 0
0.7999470233917236 0
0.8057749271392822 0
0.8606652617454529 0
0.754450261592865 0
0.8175366520881653 0
0.7865900993347168 0
0.9299856424331665 0
0.9042204022407532 0
0.8553234934806824 0
0.950107753276825 0
0.8405388593673706 0
0.8050645589828491 0
0.9314894676208496 1
0.9658538103103638 1
0.9506462216377258 1
0.9888316988945007 1
0.9802968502044678 1
0.98576819896698 1
0.9830808639526367 1
0.9872248768806458 1
0.9815067052841187 1
0.9869540333747864 1
0.9764079451560974 1
0.9884464740753174 1
0.9856321811676025 1
0.9715277552604675 1
0.9711965918540955 1
0.9888164401054382 1
0.9377763867378235 1
0.9892210960388184 1
0.9754762053489685 1
0.977374792098999 1
0.9442963600158691 1
0.9793609380722046 1
0.9437625408172607 1
0.9781533479690552 1
0.9818432331085205 1
0.9755046367645264 1
0.988240659236908 1
0.985438883304596 1
0.9710158109664917 1
0.9629601836204529 1
0.9880548119544983 1
0.9468913674354553 1
0.9728962779045105 1
0.9834033250808716 1
0.9731469750404358 1
0.964693546295166 1
0.9809544086456299 1
0.9782034158706665 1
0.9796894788742065 1
0.9835494160652161 1
0.9692180156707764 1
0.9737052321434021 1
0.9406461715698242 0
0.9512889385223389 0
0.9525367617607117 0
0.9719011783599854 0
0.9470902681350708 0
0.9340111017227173 0
0.9694637656211853 0
0.9231780171394348 0
0.9250782132148743 0
0.9405354857444763 0
0.9575682282447815 0
0.9606058597564697 0
0.9500760436058044 0
0.9322829246520996 0
0.9434040784835815 0
0.9875767827033997 1
0.9744079113006592 1
0.9671008586883545 1
0.9822403788566589 1
0.9708608984947205 1
0.9471981525421143 1
0.9643747210502625 1
0.9271767139434814 1
0.9840145707130432 1
0.9924189448356628 1
0.9703676104545593 1
0.979376494884491 1
0.9784258604049683 1
0.9880332946777344 1
0.9814056158065796 1
0.8570563793182373 0
0.9290186762809753 0
0.9244289398193359 0
0.9251614809036255 0
0.8779320120811462 0
0.9244092702865601 0
0.927532970905304 0
0.9306653738021851 0
0.9092238545417786 0
0.9544340968132019 0
0.9460185766220093 0
0.9567878842353821 0
0.9725549817085266 0
0.9798717498779297 0
0.9486302733421326 0
0.9460530877113342 0
0.9666630029678345 0
0.9564129710197449 0
0.9379159212112427 0
0.9711725115776062 0
0.9432554244995117 0
0.9676805138587952 0
0.935226321220398 0
0.9538299441337585 0
0.9595000147819519 0
0.9204047918319702 0
0.9236339330673218 0
0.9547250270843506 0
0.9144321084022522 0
0.9221023321151733 0
0.9740185141563416 0
0.8679817914962769 0
0.9791781306266785 0
0.9631068706512451 0
0.9651513695716858 0
0.9572871923446655 0
0.9888187050819397 0
0.9549728035926819 0
0.92167067527771 0
0.9192842841148376 0
0.923049807548523 0
0.9397190809249878 0
0.5919507145881653 0
0.4909018576145172 0
0.5024325251579285 0
0.5299196839332581 0
0.5812101364135742 0
0.560184895992279 0
0.6404973268508911 0
0.6511357426643372 0
0.5486409068107605 0
0.6459977030754089 0
0.8199148774147034 0
0.7798849940299988 0
0.6998565196990967 0
0.7768407464027405 0
0.5328994393348694 0
0.23647062480449677 0
0.3632397949695587 0
0.3065265417098999 0
0.32836297154426575 0
0.3415778577327728 0
0.24113954603672028 0
0.32877030968666077 0
0.3363560140132904 0
0.2224656045436859 0
0.432105153799057 0
0.4077494144439697 0
0.40882638096809387 0
0.44847631454467773 0
0.36598220467567444 0
0.8947063684463501 0
0.7944033145904541 0
0.8182619214057922 0
0.7882189154624939 0
0.7963085174560547 0
0.7656806707382202 0
0.7637296319007874 0
0.7473796606063843 0
0.8770772218704224 0
0.8916639089584351 0
0.848936140537262 0
0.8116647601127625 0
0.8710383772850037 0
0.8348370790481567 0
0.8036521077156067 0
0.8774177432060242 0
0.7942631244659424 0
0.8869404792785645 0
0.8160475492477417 0
0.7837952375411987 0
0.857136070728302 0
0.7529183626174927 0
0.760480523109436 0
0.8714178800582886 0
0.7923354506492615 0
0.7684426307678223 0
0.8614335656166077 0
0.8558183312416077 0
0.7937400937080383 0
0.8006845116615295 0
0.857617199420929 0
0.8426689505577087 0
0.7522141337394714 0
0.8273789286613464 0
0.9065646529197693 0
0.8011354804039001 0
0.7404446601867676 0
0.7670846581459045 0
0.8189445734024048 0
0.8632857203483582 0
0.8861161470413208 0
0.7575237154960632 0
0.9219763278961182 0
0.920105516910553 0
0.8963642120361328 0
0.9554617404937744 0
0.9381028413772583 0
0.9622081518173218 0
0.9359287023544312 0
0.9483015537261963 0
0.943054735660553 0
0.9593395590782166 0
0.9478067755699158 0
0.9271529912948608 0
0.9260513186454773 0
0.9097275733947754 0
0.9515153765678406 0
0.9410803914070129 0
0.9606184363365173 0
0.95625901222229 0
0.923859715461731 0
0.9168072938919067 0
0.9445553421974182 0
0.9554398059844971 0
0.9271817803382874 0
0.9546346068382263 0
0.9535877704620361 0
0.9200493693351746 0
0.9641362428665161 0
0.957812488079071 0
0.9220280647277832 0
0.956655740737915 0
0.9279793500900269 0
0.9542267322540283 0
0.9650029540061951 0
0.9598432779312134 0
0.9367179870605469 0
0.9350699186325073 0
0.9196436405181885 0
0.913696825504303 0
0.9504823684692383 0
0.9355871677398682 0
0.8981130719184875 0
0.9503046274185181 0
0.9418985247612 0
0.9736813902854919 1
0.9526399374008179 1
0.9708770513534546 1
0.9707195162773132 1
0.9881272315979004 1
0.9934940338134766 1
0.9934765100479126 1
0.9695035219192505 1
0.9887629151344299 1
0.9910479784011841 1
0.9853652119636536 1
0.9686129689216614 1
0.9658494591712952 1
0.9801611304283142 1
0.9943927526473999 1
0.9779534935951233 1
0.988404393196106 1
0.9675956964492798 1
0.9812847971916199 1
0.9862127900123596 1
0.9867122769355774 1
0.9923135042190552 1
0.9806760549545288 1
0.9722827076911926 1
0.9912096261978149 1
0.9872936010360718 1
0.9897301197052002 1
0.9945363998413086 1
0.979729950428009 1
0.9931738376617432 1
0.938559889793396 0
0.8626920580863953 0
0.9587053656578064 0
0.9470612406730652 0
0.9600123167037964 0
0.9729496836662292 0
0.9538255333900452 0
0.9498479962348938 0
0.9514397978782654 0
0.9410791397094727 0
0.9335638284683228 0
0.9538707733154297 0
0.9018602967262268 0
0.9255264401435852 0
0.9192740321159363 0
0.9761270880699158 0
0.949664294719696 0
0.9701776504516602 0
0.948374330997467 0
0.9716989398002625 0
0.9554610848426819 0
0.9798394441604614 0
0.9806682467460632 0
0.9269862771034241 0
0.9681541323661804 0
0.9658433198928833 0
0.9215110540390015 0
0.9633890986442566 0
0.9564765095710754 0
0.9713475704193115 0
0.9622065424919128 0
0.9662485718727112 0
0.947786808013916 0
0.9150704741477966 0
0.9600275158882141 0
0.949127197265625 0
0.9538754224777222 0
0.9359173774719238 0
0.9362199306488037 0
0.9028542041778564 0
0.9672872424125671 0
0.9402686357498169 0
0.6408208608627319 0
0.6420553922653198 0
0.5398876070976257 0
0.6792925596237183 0
0.5695484280586243 0
0.6793283224105835 0
0.43891510367393494 0
0.5116580128669739 0
0.6255647540092468 0
0.7091463208198547 0
0.7839846014976501 0
0.7980999946594238 0
0.706763744354248 0
0.7251080870628357 0
0.74135822057724 0
0.4355666935443878 0
0.39637991786003113 0
0.3715801239013672 0
0.3822588622570038 0
0.5025829076766968 0
0.42458412051200867 0
0.5065248012542725 0
0.2968137860298157 0
0.41589921712875366 0
0.3810763955116272 0
0.37234675884246826 0
0.35103940963745117 0
0.39203521609306335 0
0.38367506861686707 0
0.7950950860977173 0
0.7864893674850464 0
0.8243430256843567 0
0.6878254413604736 0
0.7818230986595154 0
0.75345778465271 0
0.8507646918296814 0
0.7213488221168518 0
0.7669649124145508 0
0.7659752368927002 0
0.71934574842453 0
0.7951402068138123 0
0.7899172902107239 0
0.7591400146484375 0
0.8199652433395386 0
0.8235934972763062 0
0.8050034642219543 0
0.7546045184135437 0
0.804267406463623 0
0.7450427412986755 0
0.8597906827926636 0
0.9154711961746216 0
0.8071247935295105 0
0.8092886209487915 0
0.7872964143753052 0
0.7969661951065063 0
0.7827683687210083 0
0.8201638460159302 0
0.7721755504608154 0
0.9431729912757874 0
0.8339456915855408 0
0.9272514581680298 0
0.9412636160850525 0
0.9152543544769287 0
0.934177577495575 0
0.9272972345352173 0
0.9206753969192505 0
0.8662897348403931 0
0.9135788679122925 0
0.883338987827301 0
0.8954455256462097 0
0.8330117464065552 0
0.9090582728385925 0
0.9645060896873474 0
0.9286156892776489 0
0.9861077666282654 0
0.9448851346969604 0
0.9568612575531006 0
0.9694095253944397 0
0.9458782076835632 0
0.9381060600280762 0
0.955097496509552 0
0.9122065305709839 0
0.970704197883606 0
0.9862362146377563 0
0.9563356637954712 0
0.974455714225769 0
0.9760591387748718 0
0.9712797999382019 0
0.973280668258667 0
0.9623696804046631 0
0.9388628602027893 0
0.9698752164840698 0
0.9523429274559021 0
0.9698799848556519 0
0.9674464464187622 0
0.8879840970039368 0
0.9693708419799805 0
0.9346493482589722 0
0.8758494853973389 0
0.9463608860969543 0
0.9529104232788086 0
0.9648594260215759 0
0.9571298360824585 0
0.9695219397544861 0
0.9689505100250244 0
0.9808526635169983 0
0.9528837203979492 0
0.9731190204620361 0
0.9778314828872681 0
0.9772721529006958 0
0.9551776051521301 0
0.9823877215385437 0
0.9785446524620056 0
0.9294223189353943 0
0.9029892086982727 0
0.9294832348823547 0
0.945297122001648 0
0.9505621194839478 0
0.9547948241233826 0
0.9726992249488831 0
0.9609509110450745 0
0.9525593519210815 0
0.9321470856666565 0
0.9196464419364929 0
0.9292506575584412 0
0.9745493531227112 0
0.9724095463752747 0
0.9626595377922058 0
0.9546753168106079 0
0.946292519569397 0
0.9403702020645142 0
0.9699029326438904 0
0.9476385712623596 0
0.9681782722473145 0
0.9696056842803955 0
0.9688165187835693 0
0.9728432893753052 0
0.8839600682258606 0
0.9655914902687073 0
0.966838538646698 0
0.9509332180023193 0
0.964082658290863 0
0.9190863370895386 0
0.9232192039489746 0
0.9862739443778992 1
0.9854667782783508 1
0.9833040833473206 1
0.9824097156524658 1
0.9904115796089172 1
0.9763138890266418 1
0.9960281848907471 1
0.9865358471870422 1
0.9860550761222839 1
0.9798889756202698 1
0.9868744611740112 1
0.9534519910812378 1
0.9877110123634338 1
0.9836255311965942 1
0.972777247428894 1
0.9893346428871155 1
0.9888013005256653 1
0.9891058206558228 1
0.9311782121658325 1
0.9729357361793518 1
0.9953935742378235 1
0.977641761302948 1
0.992957592010498 1
0.9832872748374939 1
0.9908949136734009 1
0.982502281665802 1
0.9624016284942627 1
0.9941689968109131 1
0.9969505071640015 1
0.992309033870697 1
0.9756807684898376 1
0.9788984060287476 1
0.9822746515274048 1
0.9752874970436096 1
0.9580540657043457 1
0.979001522064209 1
0.9701597690582275 1
0.9855852723121643 1
0.9708640575408936 1
0.9884496927261353 1
0.9765684008598328 1
0.9811521172523499 1
0.4422479271888733 0
0.36095401644706726 0
0.5166895389556885 0
0.513353705406189 0
0.5525705218315125 0
0.7778642773628235 0
0.6475361585617065 0
0.4527008831501007 0
0.6279690265655518 0
0.7349953651428223 0
0.6307121515274048 0
0.6923098564147949 0
0.6634160876274109 0
0.6310625672340393 0
0.7246256470680237 0
0.2591157853603363 0
0.31418105959892273 0
0.23367424309253693 0
0.14839868247509003 0
0.371591717004776 0
0.3171488344669342 0
0.3249590992927551 0
0.3285827934741974 0
0.3630828261375427 0
0.23949019610881805 0
0.2071952521800995 0
0.17198877036571503 0
0.3875471353530884 0
0.15817143023014069 0
0.9299615621566772 0
0.8852633237838745 0
0.9067746996879578 0
0.9134407043457031 0
0.8620955348014832 0
0.9300315380096436 0
0.8998615741729736 0
0.8314247727394104 0
0.8801343441009521 0
0.8430382013320923 0
0.888114333152771 0
0.9257615208625793 0
0.8697217106819153 0
0.856935441493988 0
0.9468005895614624 0
0.8675500154495239 0
0.8885719180107117 0
0.9080948829650879 0
0.9549605250358582 0
0.9116963148117065 0
0.8940664529800415 0
0.9127570390701294 0
0.929506778717041 0
0.8360410332679749 0
0.9236677885055542 0
0.8694323301315308 0
0.9266075491905212 0
0.8999161124229431 0
0.9421782493591309 0
0.8913634419441223 0
0.8472229242324829 0
0.882623016834259 0
0.775546133518219 0
0.8680232167243958 0
0.8910993933677673 0
0.8890150189399719 0
0.8492934703826904 0
0.8028559684753418 0
0.8901844620704651 0
0.9346134662628174 0
0.9086014032363892 0
0.9116194248199463 0
0.9473679065704346 0
0.9543728828430176 0
0.9167578220367432 0
0.952542781829834 0
0.9683856964111328 0
0.9765619039535522 0
0.9471282362937927 0
0.9849588871002197 0
0.9647563695907593 0
0.9267134070396423 0
0.9797146916389465 0
0.9742809534072876 0
0.9603482484817505 0
0.9767183661460876 0
0.9704744815826416 0
0.9461765289306641 0
0.9503579139709473 0
0.9747632145881653 0
0.9130906462669373 0
0.9458522796630859 0
0.9178163409233093 0
0.9722145199775696 0
0.9604869484901428 0
0.9738919138908386 0
0.9726189374923706 0
0.9555123448371887 0
0.9730551838874817 0
0.9679781198501587 0
0.946384072303772 0
0.9189811944961548 0
0.8693897128105164 0
0.9319416284561157 0
0.9589895009994507 0
0.9127393364906311 0
0.9700317978858948 0
0.97605961561203 0
0.9361966848373413 0
0.9827882647514343 0
0.9647423028945923 0
0.9545453190803528 0
0.9535800814628601 0
0.9393621683120728 0
0.9220941066741943 0
0.8982053995132446 0
0.9070823192596436 0
0.9581103920936584 0
0.9575318694114685 0
0.9613987803459167 0
0.9792247414588928 0
0.9444855451583862 0
0.9609699845314026 0
0.9574409127235413 0
0.9292641878128052 0
0.9569286704063416 0
0.9403004050254822 0
0.9660393595695496 0
0.964602530002594 0
0.9521985054016113 0
0.95118647813797 0
0.9487768411636353 0
0.9305679202079773 0
0.9649277329444885 0
0.9116773009300232 0
0.9600488543510437 0
0.9761843085289001 0
0.9786534309387207 0
0.9651340842247009 0
0.9603111147880554 0
0.8945399522781372 0
0.9318116903305054 0
0.9223707318305969 0
0.9282410144805908 0
0.9871852993965149 1
0.9863426685333252 1
0.9517326951026917 1
0.9903404116630554 1
0.9931513071060181 1
0.9774808883666992 1
0.9920290112495422 1
0.989826500415802 1
0.9925450086593628 1
0.9793198704719543 1
0.987794041633606 1
0.9891089797019958 1
0.9814003705978394 1
0.9941546320915222 1
0.9774279594421387 1
0.983879804611206 1
0.9923211932182312 1
0.9936820268630981 1
0.9937085509300232 1
0.996174156665802 1
0.9728339314460754 1
0.9890962839126587 1
0.9933024048805237 1
0.9920465350151062 1
0.9912624359130859 1
0.9831421375274658 1
0.9950553178787231 1
0.9958251714706421 1
0.9929357171058655 1
0.9714655876159668 1
0.9999998807907104 1
0.9818284511566162 1
0.985666811466217 1
0.9767234325408936 1
0.9932557344436646 1
0.9745268821716309 1
0.9839167594909668 1
0.9808866381645203 1
0.9870636463165283 1
0.9881377220153809 1
0.9879412651062012 1
0.9855234622955322 1
0.9843567609786987 1
0.4919649660587311 0
0.6043302416801453 0
0.6515234708786011 0
0.6565422415733337 0
0.5441687107086182 0
0.826443612575531 0
0.688567042350769 0
0.4743516445159912 0
0.26912909746170044 0
0.7288228869438171 0
0.7333664894104004 0
0.7249057292938232 0
0.6840927600860596 0
0.6802834272384644 0
0.24179300665855408 0
0.26669344305992126 0
0.2538772225379944 0
0.2016691267490387 0
0.273094117641449 0
0.20323674380779266 0
0.21002162992954254 0
0.29626700282096863 0
0.29692506790161133 0
0.23705236613750458 0
0.2834698557853699 0
0.4121485650539398 0
0.4521830976009369 0
0.26909300684928894 0
0.27577248215675354 0
0.9289145469665527 0
0.9032097458839417 0
0.9274643659591675 0
0.8719040751457214 0
0.9346317052841187 0
0.8946058750152588 0
0.8932402729988098 0
0.9364652633666992 0
0.9323270916938782 0
0.9569116234779358 0
0.9244858622550964 0
0.9226211905479431 0
0.8742954730987549 0
0.9024217128753662 0
0.8858467936515808 0
0.9615726470947266 0
0.9214420914649963 0
0.9034754037857056 0
0.9209424257278442 0
0.9041818380355835 0
0.945946216583252 0
0.9563495516777039 0
0.9011111855506897 0
0.8788860440254211 0
0.8708520531654358 0
0.903663158416748 0
0.923647403717041 0
0.8933261632919312 0
0.9196479320526123 0
0.8985463976860046 0
0.8758260607719421 0
0.9436576962471008 0
0.9189381003379822 0
0.851794958114624 0
0.8987285494804382 0
0.8322148323059082 0
0.8583973050117493 0
0.8544412851333618 0
0.9006057381629944 0
0.8779666423797607 0
0.8857667446136475 0
0.9489456415176392 0
0.912375271320343 0
0.9075766801834106 0
0.8816046714782715 0
0.9641429781913757 0
0.9688236713409424 0
0.9076756238937378 0
0.954845130443573 0
0.9693071246147156 0
0.9509756565093994 0
0.9661675691604614 0
0.92498379945755 0
0.9687008261680603 0
0.9825469255447388 0
0.9456127882003784 0
0.9787911176681519 0
0.9282495975494385 0
0.949246346950531 0
0.9572476148605347 0
0.9436066150665283 0
0.9728391170501709 0
0.9703454375267029 0
0.918011486530304 0
0.9474266767501831 0
0.9628376960754395 0
0.9672777056694031 0
0.9525357484817505 0
0.9599979519844055 0
0.9293192625045776 0
0.8816796541213989 0
0.9774690866470337 0
0.8720342516899109 0
0.9426683783531189 0
0.9474063515663147 0
0.9709085822105408 0
0.9584945440292358 0
0.9240201711654663 0
0.9632638096809387 0
0.9624686241149902 0
0.9782715439796448 0
0.712805986404419 0
0.7006451487541199 0
0.5436431169509888 0
0.6617660522460938 0
0.6141335368156433 0
0.5393149256706238 0
0.5598780512809753 0
0.53641277551651 0
0.48333683609962463 0
0.7291169166564941 0
0.465401291847229 0
0.5677024722099304 0
0.5518189668655396 0
0.5900023579597473 0
0.5935974717140198 0
0.4114372134208679 0
0.49177995324134827 0
0.4938204288482666 0
0.5526042580604553 0
0.5861514210700989 0
0.5723018050193787 0
0.553767740726471 0
0.3954610526561737 0
0.5221916437149048 0
0.609611451625824 0
0.6019911766052246 0
0.5409866571426392 0
0.702354907989502 0
0.45553824305534363 0
0.6578235030174255 0
0.5923045873641968 0
0.5983279347419739 0
0.6731435656547546 0
0.5208337306976318 0
0.6411699056625366 0
0.4459063708782196 0
0.6146528124809265 0
0.7268920540809631 0
0.5238781571388245 0
0.6511744856834412 0
0.484441876411438 0
0.5615765452384949 0
0.5947577953338623 0
0.4595382809638977 0
0.4647684395313263 0
0.6276571154594421 0
0.741153359413147 0
0.5220144391059875 0
0.42785295844078064 0
0.5770730376243591 0
0.6310344934463501 0
0.5056401491165161 0
0.6375097036361694 0
0.601615309715271 0
0.6804249286651611 0
0.6815736889839172 0
0.6894856691360474 0
0.8572795987129211 0
0.6445572972297668 0
0.542683482170105 0
0.6764424443244934 0
0.5794050693511963 0
0.5844966173171997 0
0.3352123498916626 0
0.6143312454223633 0
0.7079796195030212 0
0.593889057636261 0
0.692949116230011 0
0.59763503074646 0
0.4920947849750519 0
0.6901083588600159 0
0.6065383553504944 0
0.5570257306098938 0
0.37682390213012695 0
0.5468051433563232 0
0.48559078574180603 0
0.8350837230682373 1
0.9526363611221313 1
0.9611948132514954 1
0.9493696689605713 1
0.9795423746109009 1
0.9673187136650085 1
0.8857235312461853 1
0.9595187902450562 1
0.9802680611610413 1
0.9517558217048645 1
0.9071732759475708 1
0.8395950198173523 1
0.7636665105819702 1
0.9765688180923462 1
0.6137044429779053 1
0.6320505738258362 1
0.5517093539237976 1
0.5840964317321777 1
0.5927023887634277 1
0.5910031199455261 1
0.6716430187225342 1
0.6018263697624207 1
0.6484881639480591 1
0.5435840487480164 1
0.5812219977378845 1
0.6335638165473938 1
0.6014078259468079 1
0.6944819092750549 1
0.6472928524017334 1
0.48114511370658875 0
0.34449875354766846 0
0.5726888179779053 0
0.6468297839164734 0
0.5622446537017822 0
0.380680650472641 0
0.5476471781730652 0
0.4659644663333893 0
0.5077307224273682 0
0.4716799259185791 0
0.45663219690322876 0
0.4927164614200592 0
0.4829981029033661 0
0.4582654535770416 0
0.5736977458000183 0
0.446827232837677 0
0.45667460560798645 0
0.5416499376296997 0
0.44475045800209045 0
0.3713430166244507 0
0.5498892068862915 0
0.3787495791912079 0
0.3591882884502411 0
0.16782455146312714 0
0.5988419651985168 0
0.38869717717170715 0
0.557479739189148 0
0.2012786567211151 0
0.5325043797492981 0
0.34963011741638184 0
0.46867966651916504 0
0.4164807200431824 0
0.41808420419692993 0
0.37930089235305786 0
0.38278928399086 0
0.4029780924320221 0
0.2909350097179413 0
0.5421373248100281 0
0.5002907514572144 0
0.6249744296073914 0
0.555122971534729 0
0.05233855918049812 0
0.23291152715682983 0
0.29730454087257385 0
0.314556360244751 0
0.3291148245334625 0
0.21428269147872925 0
0.3419663608074188 0
0.36117810010910034 0
0.38537368178367615 0
0.30180346965789795 0
0.26130035519599915 0
0.34964919090270996 0
0.30539920926094055 0
0.2856721878051758 0
0.45611870288848877 0
0.3287126123905182 0
0.3603319525718689 0
0.30199968814849854 0
0.4015437066555023 0
0.37570276856422424 0
0.3129099905490875 0
0.36674684286117554 0
0.23883873224258423 0
0.2165384292602539 0
0.3078572750091553 0
0.25523126125335693 0
0.305358350276947 0
0.4155304431915283 0
0.40629711747169495 0
0.3539758622646332 0
0.34639236330986023 0
0.3276573121547699 0
0.39030346274375916 0
0.3135259747505188 0
0.3114946782588959 0
0.42785435914993286 0
0.39824169874191284 0
0.3450395166873932 0
0.2978436350822449 0
0.23289722204208374 0
0.26382094621658325 0
0.400817334651947 0
0.317156046628952 0
0.4211826026439667 0
0.4333798885345459 0
0.31481292843818665 0
0.3671727776527405 0
0.4805556535720825 0
0.23980289697647095 0
0.43391329050064087 0
0.38215604424476624 0
0.27529236674308777 0
0.17143814265727997 0
0.33742135763168335 0
0.34723663330078125 0
0.24789896607398987 0
0.24202874302864075 0
0.39047256112098694 0
0.40935614705085754 0
0.38026586174964905 0
0.3276556432247162 0
0.3350817859172821 0
0.41827696561813354 0
0.44412490725517273 0
0.3336593508720398 0
0.30090391635894775 0
0.45537805557250977 0
0.5563048124313354 0
0.4830164909362793 0
0.40978366136550903 0
0.4799402952194214 0
0.42418092489242554 0
0.3604092001914978 0
0.1643306314945221 0
0.22671404480934143 0
0.30217164754867554 0
0.2393067330121994 0
0.2300659716129303 0
0.2846723198890686 0
0.3234488070011139 0
0.13549533486366272 0
0.3639386296272278 0
0.33605900406837463 0
0.3374456465244293 0
0.28409814834594727 0
0.11628695577383041 0
0.2739737629890442 0
0.28162309527397156 0
0.16286218166351318 0
0.34736230969429016 0
0.24610605835914612 0
0.27733471989631653 0
0.25668027997016907 0
0.26377275586128235 0
0.26367419958114624 0
0.23583197593688965 0
0.2414141148328781 0
0.36559373140335083 0
0.1649872064590454 0
0.21887610852718353 0
0.31822580099105835 0
0.31073111295700073 0
0.30623659491539 0
0.18794618546962738 0
0.39800572395324707 0
0.3184502422809601 0
0.30617210268974304 0
0.2672705352306366 0
0.24834977090358734 0
0.22582848370075226 0
0.22124998271465302 0
0.4909980595111847 0
0.12021805346012115 0
0.3491807281970978 0
0.24164356291294098 0
0.5368276834487915 1
0.5215065479278564 1
0.6048526167869568 1
0.568310022354126 1
0.6209604740142822 1
0.5267019867897034 1
0.6703343987464905 1
0.7483997344970703 1
0.595962405204773 1
0.6442588567733765 1
0.6699371933937073 1
0.6024701595306396 1
0.6810759902000427 1
0.6241178512573242 1
0.6035656929016113 1
0.9505121111869812 1
0.975806474685669 1
0.9777405858039856 1
0.9502711892127991 1
0.9904851317405701 1
0.9759575724601746 1
0.9909177422523499 1
0.9936447143554688 1
0.8556687235832214 1
0.9633265137672424 1
0.9884732365608215 1
0.9722505807876587 1
0.9768803119659424 1
0.9937035441398621 1
0.171187162399292 0
