0.9060575366020203 1
0.9480404257774353 1
0.97110515832901 1
0.9688071608543396 1
0.9320877194404602 1
0.8915605545043945 1
0.9531767964363098 1
0.8603276014328003 1
0.9566176533699036 1
0.9650795459747314 1
0.9185618758201599 1
0.9682444930076599 1
0.9805870056152344 1
0.877754271030426 1
0.9741914868354797 1
0.8625756502151489 1
0.9545637369155884 1
0.9113685488700867 1
0.9390064477920532 1
0.8941777348518372 1
0.9309585094451904 1
0.9450288414955139 1
0.9319468140602112 1
0.9517866373062134 1
0.9667807817459106 1
0.972174346446991 1
0.9711132645606995 1
0.9318792819976807 1
0.9318675994873047 1
0.9418274164199829 1
0.9723504185676575 1
0.9538213610649109 1
0.9315640330314636 1
0.977557361125946 1
0.9436935186386108 1
0.9810813665390015 1
0.9772147536277771 1
0.9706240296363831 1
0.9734874963760376 1
0.9274948835372925 1
0.9559359550476074 1
0.9739732146263123 1
0.6376793384552002 0
0.598142683506012 0
0.6990474462509155 0
0.6606608033180237 0
0.6289552450180054 0
0.6622799634933472 0
0.6413891315460205 0
0.7711788415908813 0
0.6815605759620667 0
0.6855432391166687 0
0.590107798576355 0
0.7274668216705322 0
0.741767406463623 0
0.751338005065918 0
0.7694715261459351 0
0.7273731827735901 0
0.6601766347885132 0
0.7189785242080688 0
0.7620206475257874 0
0.6628367304801941 0
0.6877971291542053 0
0.8049174547195435 0
0.6550394296646118 0
0.6020455360412598 0
0.6508170366287231 0
0.5919291973114014 0
0.6292011141777039 0
0.612832248210907 0
0.6199963092803955 0
0.7775307893753052 0
0.6038328409194946 0
0.758975625038147 0
0.6087667346000671 0
0.6950345635414124 0
0.6507496237754822 0
0.6818418502807617 0
0.6736409664154053 0
0.6563108563423157 0
0.815969705581665 0
0.5709421038627625 0
0.6304218769073486 0
0.6053597331047058 0
0.6677634716033936 0
0.5668963193893433 0
0.7179780602455139 0
0.6933363080024719 0
0.7229127883911133 0
0.6913180947303772 0
0.7546836137771606 0
0.7036811113357544 0
0.6992723941802979 0
0.6879324316978455 0
0.6325339078903198 0
0.6804490685462952 0
0.7822494506835938 0
0.7742437720298767 0
0.757996678352356 0
0.6641132235527039 0
0.6942708492279053 0
0.6588999629020691 0
0.6558638215065002 0
0.6999248266220093 0
0.6112833023071289 0
0.7690078616142273 0
0.741621196269989 0
0.6877207159996033 0
0.7800217866897583 0
0.7693014144897461 0
0.7258622050285339 0
0.7073549628257751 0
0.6211352348327637 0
0.7562233805656433 0
0.7686567306518555 0
0.7385413646697998 0
0.8099729418754578 0
0.8367689847946167 0
0.6833388805389404 0
0.7628109455108643 0
0.7967631220817566 0
0.7547478675842285 0
0.8106566071510315 0
0.8443896174430847 0
0.8106160759925842 0
0.7130439877510071 0
0.7763213515281677 0
0.8056695461273193 0
0.880357563495636 0
0.7779756784439087 0
0.787048876285553 0
0.8344346284866333 0
0.8293280005455017 0
0.7823828458786011 0
0.7915351986885071 0
0.7967391014099121 0
0.7327173352241516 0
0.8888174891471863 0
0.816545307636261 0
0.7736484408378601 0
0.8304576873779297 0
0.7704480886459351 0
0.8393392562866211 0
0.7584039568901062 0
0.8227752447128296 0
0.8468003273010254 0
0.75535649061203 0
0.8867129683494568 0
0.8613311052322388 0
0.7475449442863464 0
0.7875655293464661 0
0.7579551935195923 0
0.8505222797393799 0
0.7907314896583557 0
0.7744613289833069 0
0.9404906034469604 0
0.23829369246959686 0
0.12127730250358582 0
0.18163493275642395 0
0.12627562880516052 0
0.09603481739759445 0
0.11037539690732956 0
0.07381220906972885 0
0.0749778226017952 0
0.05885259807109833 0
0.12838643789291382 0
0.30720412731170654 0
0.18162962794303894 0
0.173392653465271 0
0.23897603154182434 0
0.2248537391424179 0
-0.06272147595882416 0
-0.024386627599596977 0
-0.10375584661960602 0
-0.08627425879240036 0
-0.016860634088516235 0
-0.027618009597063065 0
-0.04764142259955406 0
-0.05040432885289192 0
-0.029688283801078796 0
-0.0262487530708313 0
-0.10513332486152649 0
-0.1090119257569313 0
-0.09563222527503967 0
-0.052017249166965485 0
0.9793625473976135 1
0.9814695119857788 1
0.8634830117225647 1
0.9507297873497009 1
0.9593181014060974 1
0.9218982458114624 1
0.9386426210403442 1
0.9057491421699524 1
0.9713840484619141 1
0.9733357429504395 1
0.9316184520721436 1
0.9761433005332947 1
0.9779449105262756 1
0.978469729423523 1
0.9816577434539795 1
0.9662032127380371 1
0.9248000979423523 1
0.9718594551086426 1
0.884565532207489 1
0.9310448169708252 1
0.9483155012130737 1
0.9717537760734558 1
0.9442359209060669 1
0.9637729525566101 1
0.9625210762023926 1
0.9855951070785522 1
0.8952507376670837 1
0.9396255612373352 1
0.9248631596565247 1
0.9184248447418213 1
0.9154824614524841 1
0.8728684186935425 1
0.9730567932128906 1
0.971723735332489 1
0.946658730506897 1
0.9649383425712585 1
0.977869987487793 1
0.9654214978218079 1
0.9615225791931152 1
0.9613499641418457 1
0.9129092693328857 1
0.9407876133918762 1
0.9706229567527771 1
0.6862102150917053 0
0.5333181619644165 0
0.7830888032913208 0
0.6540706753730774 0
0.7063178420066833 0
0.7586049437522888 0
0.6233580112457275 0
0.5942991971969604 0
0.6660865545272827 0
0.6659448742866516 0
0.6851955056190491 0
0.732543408870697 0
0.6730614304542542 0
0.7820326089859009 0
0.6967283487319946 0
0.7096325159072876 0
0.7553042769432068 0
0.6406338214874268 0
0.6135324835777283 0
0.7191226482391357 0
0.6721228957176208 0
0.6024170517921448 0
0.6319566369056702 0
0.6039385199546814 0
0.7474406361579895 0
0.6411030888557434 0
0.39128702878952026 0
0.6388542056083679 0
0.7071389555931091 0
0.6805385947227478 0
0.5494966506958008 0
0.6964257955551147 0
0.7877045273780823 0
0.7306463718414307 0
0.6764485836029053 0
0.7894473075866699 0
0.7192695736885071 0
0.7071254849433899 0
0.7562934160232544 0
0.703559398651123 0
0.6601964831352234 0
0.6540543437004089 0
0.5685694217681885 0
0.6275724768638611 0
0.7324274778366089 0
0.6118552088737488 0
0.6948792934417725 0
0.6751441359519958 0
0.6677014231681824 0
0.6403992176055908 0
0.5417906641960144 0
0.569638192653656 0
0.5383870005607605 0
0.6734294891357422 0
0.6972914934158325 0
0.6481814980506897 0
0.7405542135238647 0
0.7592721581459045 0
0.7417846918106079 0
0.6914774179458618 0
0.7770945429801941 0
0.7324478626251221 0
0.7645881175994873 0
0.6993773579597473 0
0.6803290247917175 0
0.6158618330955505 0
0.7291024327278137 0
0.7863579392433167 0
0.7202578186988831 0
0.7000347375869751 0
0.6749692559242249 0
0.5239323973655701 0
0.7914155125617981 0
0.7710577249526978 0
0.7446672320365906 0
0.8066871166229248 0
0.7413734793663025 0
0.7724791765213013 0
0.7461561560630798 0
0.8338773250579834 0
0.7988608479499817 0
0.8300552368164062 0
0.8092076778411865 0
0.5698872804641724 0
0.8781201839447021 0
0.8112238049507141 0
0.777501106262207 0
0.7720849514007568 0
0.7233986258506775 0
0.8003494143486023 0
0.6916664838790894 0
0.7795590162277222 0
0.8117843866348267 0
0.8319639563560486 0
0.8346933126449585 0
0.8267095685005188 0
0.7264559268951416 0
0.8339219093322754 0
0.8161498308181763 0
0.8093544244766235 0
0.825478732585907 0
0.8280937671661377 0
0.7987536787986755 0
0.7158617973327637 0
0.838302731513977 0
0.7869417071342468 0
0.7886145114898682 0
0.7978803515434265 0
0.7514042854309082 0
0.7769189476966858 0
0.758186399936676 0
0.8221263885498047 0
0.8714437484741211 0
0.8700743317604065 0
0.11569825559854507 0
0.07076054066419601 0
0.11360879987478256 0
0.0256369486451149 0
0.062262073159217834 0
0.1872505247592926 0
0.13121488690376282 0
0.1368308961391449 0
0.18639352917671204 0
0.23879972100257874 0
0.15878646075725555 0
0.31975534558296204 0
0.3124547600746155 0
0.1488260179758072 0
0.2129802703857422 0
-0.04482145607471466 0
-0.06914403289556503 0
-0.11488057672977448 0
-0.16859310865402222 0
-0.05820317938923836 0
-0.06495781242847443 0
-0.19387120008468628 0
-0.12784425914287567 0
-0.10850302129983902 0
-0.0489373579621315 0
-0.06362795829772949 0
-0.21203166246414185 0
0.007551753427833319 0
-0.15110120177268982 0
0.9171678423881531 1
0.8681961894035339 1
0.9724698066711426 1
0.9618754982948303 1
0.9298583269119263 1
0.8680623173713684 1
0.9030901193618774 1
0.8936819434165955 1
0.9410022497177124 1
0.9793586730957031 1
0.9314128756523132 1
0.9617690443992615 1
0.9173949956893921 1
0.9713626503944397 1
0.9448733925819397 1
0.9567511081695557 1
0.970008909702301 1
0.9795619249343872 1
0.9542538523674011 1
0.9417276978492737 1
0.9725043177604675 1
0.959999680519104 1
0.9614450931549072 1
0.9320154190063477 1
0.9444715976715088 1
0.9287267923355103 1
0.9180790781974792 1
0.9533827304840088 1
0.9482962489128113 1
0.9649766087532043 1
0.9578794240951538 1
0.9281138777732849 1
0.9634497761726379 1
0.9185658097267151 1
0.9482293128967285 1
0.9460721015930176 1
0.9409331679344177 1
0.9703387022018433 1
0.980916440486908 1
0.9688198566436768 1
0.9727616906166077 1
0.9335412979125977 1
0.6902572512626648 0
0.6865993738174438 0
0.6352593302726746 0
0.71927410364151 0
0.6946344971656799 0
0.7862845659255981 0
0.5721732974052429 0
0.78839510679245 0
0.7230337262153625 0
0.6956101655960083 0
0.9683050513267517 1
0.9748283624649048 1
0.9404271841049194 1
0.8688952326774597 1
0.9874132871627808 1
0.875124990940094 1
0.9726431965827942 1
0.9444853067398071 1
0.8951030969619751 1
0.957974910736084 1
0.946304202079773 1
0.9569013118743896 1
0.9780687093734741 1
0.9437041878700256 1
0.8946961164474487 1
0.9154228568077087 1
0.8991908431053162 1
0.9115618467330933 1
0.9299783706665039 1
0.874188244342804 1
0.8805127143859863 1
0.9786856770515442 1
0.9547839164733887 1
0.914756715297699 1
0.8974459171295166 1
0.9738682508468628 1
0.9623948931694031 1
0.9733561873435974 1
0.8559277057647705 1
0.9351221919059753 1
0.9443508386611938 1
0.9208430647850037 1
0.8678027987480164 0
0.7923126816749573 0
0.7960237264633179 0
0.9324212074279785 0
0.9064995050430298 0
0.8759709000587463 0
0.8481587171554565 0
0.873456597328186 0
0.9179807901382446 0
0.833056628704071 0
0.90018230676651 0
0.8471282720565796 0
0.8173953294754028 0
0.8204019665718079 0
0.883600115776062 0
0.894771933555603 0
0.9043929576873779 0
0.9023857116699219 0
0.7980227470397949 0
0.9183934330940247 0
0.8115596771240234 0
0.8078545331954956 0
0.8536648154258728 0
0.8591741919517517 0
0.8723062872886658 0
0.8295796513557434 0
0.8694499135017395 0
0.7981917262077332 0
0.8848499059677124 0
0.7824212908744812 0
0.9393107891082764 0
0.9155685305595398 0
0.8851527571678162 0
0.9184885025024414 0
0.8734524846076965 0
0.8710973262786865 0
0.8996843099594116 0
0.8843498229980469 0
0.9076283574104309 0
0.9581335783004761 0
0.878802478313446 0
0.9427719116210938 0
0.901428759098053 0
0.8997571468353271 0
0.8054404258728027 0
0.9478248953819275 0
0.8715896606445312 0
0.8293971419334412 0
0.9360700249671936 0
0.952707827091217 0
0.9439582824707031 0
0.901308000087738 0
0.8550388216972351 0
0.9371527433395386 0
0.9038145542144775 0
0.9189580082893372 0
0.8993580937385559 0
0.8833523988723755 0
0.9071006178855896 0
0.8247682452201843 0
0.8026466965675354 0
0.9039942622184753 0
0.8525930047035217 0
0.9158689975738525 0
0.8901660442352295 0
0.8522387146949768 0
0.8477838635444641 0
0.9126451015472412 0
0.9223094582557678 0
0.9169010519981384 0
0.8582954406738281 0
0.9238426685333252 0
0.9301829934120178 0
0.5148187875747681 0
0.6736024022102356 0
0.5980150699615479 0
0.4213966131210327 0
0.5601075291633606 0
0.5110006332397461 0
0.5369409322738647 0
0.5707123279571533 0
0.48857343196868896 0
0.5048324465751648 0
0.6067574620246887 0
0.49652954936027527 0
0.5421755313873291 0
0.4476471245288849 0
0.11162541061639786 0
0.12318135797977448 0
0.1337544173002243 0
0.011744151823222637 0
0.09646853059530258 0
0.21748101711273193 0
0.32602813839912415 0
0.15799877047538757 0
0.0984468087553978 0
0.16292715072631836 0
0.18990275263786316 0
0.19150179624557495 0
0.33741673827171326 0
0.15794120728969574 0
0.24545025825500488 0
0.6633760333061218 0
0.6848729848861694 0
0.6919592022895813 0
0.7116848826408386 0
0.633711576461792 0
0.7700225114822388 0
0.6993580460548401 0
0.693518340587616 0
0.7374107837677002 0
0.7557010054588318 0
0.669511616230011 0
0.7155094146728516 0
0.6017619967460632 0
0.7335546016693115 0
0.7014994621276855 0
0.7325312495231628 0
0.7508265972137451 0
0.6925761699676514 0
0.7793999910354614 0
0.6035101413726807 0
0.7450457215309143 0
0.7286726832389832 0
0.6686348915100098 0
0.6869908571243286 0
0.7000615000724792 0
0.7381299138069153 0
0.7291597723960876 0
0.6464025378227234 0
0.7395212650299072 0
0.5987234115600586 0
0.5877612233161926 0
0.6480184197425842 0
0.6936284303665161 0
0.6183868050575256 0
0.5954026579856873 0
0.6933335661888123 0
0.7154492139816284 0
0.6360968947410583 0
0.6573160886764526 0
0.6691716313362122 0
0.711712658405304 0
0.6508999466896057 0
0.9532891511917114 1
0.9330581426620483 1
0.8885908126831055 1
0.941089391708374 1
0.9245274662971497 1
0.9507358074188232 1
0.9374282956123352 1
0.9644439816474915 1
0.9635441899299622 1
0.9330272078514099 1
0.9307875037193298 1
0.8926534056663513 1
0.9465365409851074 1
0.9526804089546204 1
0.9297725558280945 1
0.9472333192825317 1
0.8791600465774536 1
0.9771289825439453 1
0.8750150203704834 1
0.9886425137519836 1
0.9691874384880066 1
0.9501638412475586 1
0.9488353729248047 1
0.9714707136154175 1
0.944184422492981 1
0.9027637243270874 1
0.8619557619094849 1
0.9416621923446655 1
0.9087969660758972 1
0.92960125207901 1
0.930564820766449 1
0.9429678320884705 1
0.9388698935508728 1
0.9165714383125305 1
0.961621105670929 1
0.9044150114059448 1
0.9158612489700317 1
0.9153762459754944 1
0.9730772972106934 1
0.9591892957687378 1
0.8986158967018127 1
0.823052167892456 1
0.8397517204284668 0
0.7704641819000244 0
0.8780689835548401 0
0.9197626113891602 0
0.8567528128623962 0
0.832211434841156 0
0.8862099051475525 0
0.858798623085022 0
0.8754673600196838 0
0.9086599349975586 0
0.9117443561553955 0
0.880174458026886 0
0.8660280704498291 0
0.8535194396972656 0
0.898264467716217 0
0.8858038187026978 0
0.7831951975822449 0
0.8264236450195312 0
0.8990308046340942 0
0.8456748127937317 0
0.9311143755912781 0
0.8003185987472534 0
0.9255435466766357 0
0.8402847051620483 0
0.8556702136993408 0
0.8880335688591003 0
0.8267881870269775 0
0.8497040271759033 0
0.8380492329597473 0
0.6999228596687317 0
0.9005043506622314 0
0.8998790979385376 0
0.8864385485649109 0
0.852149486541748 0
0.8034889101982117 0
0.8604972958564758 0
0.9307146668434143 0
0.8620427846908569 0
0.9181726574897766 0
0.8896427154541016 0
0.8409270644187927 0
0.8946396112442017 0
0.8123666048049927 0
0.9123297333717346 0
0.8507596850395203 0
0.9485436081886292 0
0.9270972609519958 0
0.9307850003242493 0
0.8893961310386658 0
0.8674370646476746 0
0.8683851957321167 0
0.6550277471542358 0
0.8966392278671265 0
0.8651439547538757 0
0.8093430399894714 0
0.8510521650314331 0
0.7825550436973572 0
0.8939893245697021 0
0.8129031658172607 0
0.8240447640419006 0
0.9388366937637329 0
0.8320620656013489 0
0.9329813718795776 0
0.8065733313560486 0
0.8805862665176392 0
0.8037749528884888 0
0.8870833516120911 0
0.8324604630470276 0
0.9149015545845032 0
0.8314354419708252 0
0.805654764175415 0
0.9029326438903809 0
0.8846089839935303 0
0.4576067328453064 0
0.7156422138214111 0
0.6332311630249023 0
0.4200352132320404 0
0.470824271440506 0
0.3882140517234802 0
0.40768513083457947 0
0.535434365272522 0
0.5354601740837097 0
0.5015835762023926 0
0.5126508474349976 0
0.620322585105896 0
0.5148360133171082 0
0.5427319407463074 0
0.19101589918136597 0
0.3531908392906189 0
0.18675926327705383 0
0.29654473066329956 0
0.19675759971141815 0
0.0716850608587265 0
0.21173584461212158 0
0.2951229214668274 0
0.15557029843330383 0
0.3104419708251953 0
0.24435541033744812 0
0.2947596311569214 0
0.19748851656913757 0
0.275402694940567 0
0.30164477229118347 0
0.5782110095024109 0
0.5698317289352417 0
0.6482377052307129 0
0.7423823475837708 0
0.5793229341506958 0
0.6417993903160095 0
0.6726223230361938 0
0.5845819115638733 0
0.6406983733177185 0
0.7439319491386414 0
0.7556241750717163 0
0.41339606046676636 0
0.6439074873924255 0
0.6980793476104736 0
0.5652948021888733 0
0.781430721282959 0
0.7788149118423462 0
0.7223268747329712 0
0.8245140314102173 0
0.7143357992172241 0
0.8719784021377563 0
0.774226725101471 0
0.7311858534812927 0
0.6570229530334473 0
0.7059449553489685 0
0.6134916543960571 0
0.8675827383995056 0
0.6245754361152649 0
0.727558434009552 0
0.6881675124168396 0
0.5252865552902222 0
0.6804888844490051 0
0.7494713664054871 0
0.5945330858230591 0
0.6591628193855286 0
0.644978404045105 0
0.8140926957130432 0
0.7433598637580872 0
0.7257234454154968 0
0.8632851243019104 0
0.6232272982597351 0
0.6485791802406311 0
0.8722413778305054 1
0.918458104133606 1
0.9281286597251892 1
0.9592820405960083 1
0.9292535185813904 1
0.975130021572113 1
0.9351588487625122 1
0.9554951786994934 1
0.950363278388977 1
0.9724597334861755 1
0.9295267462730408 1
0.9549956917762756 1
0.9453775882720947 1
0.9223629236221313 1
0.9410876035690308 1
0.9458891153335571 1
0.79653000831604 1
0.9745975136756897 1
0.8973528146743774 1
0.894474446773529 1
0.9394686222076416 1
0.9548141360282898 1
0.8214532732963562 1
0.9305446743965149 1
0.9652252197265625 1
0.9067460298538208 1
0.9577001929283142 1
0.9424627423286438 1
0.9580471515655518 1
0.9482308626174927 1
0.9423679113388062 1
0.9307606816291809 1
0.9381116032600403 1
0.9534999132156372 1
0.9692051410675049 1
0.8925307989120483 1
0.935870349407196 1
0.9321284890174866 1
0.949958860874176 1
0.9273989796638489 1
0.9441930055618286 1
0.9002166986465454 1
0.8164411187171936 0
0.8113340735435486 0
0.8222318291664124 0
0.9048835635185242 0
0.8864729404449463 0
0.7749759554862976 0
0.8659371137619019 0
0.8005151748657227 0
0.7829723358154297 0
0.8720935583114624 0
0.8369038701057434 0
0.8597485423088074 0
0.8641441464424133 0
0.8838388323783875 0
0.9072450995445251 0
0.9645876288414001 1
0.9744306802749634 1
0.9490800499916077 1
0.9625005125999451 1
0.9360518455505371 1
0.8999903202056885 1
0.9134544730186462 1
0.8344804048538208 1
0.9666419625282288 1
0.9639367461204529 1
0.930631697177887 1
0.9535948634147644 1
0.9375624060630798 1
0.9700482487678528 1
0.9761468172073364 1
0.7521008849143982 0
0.826172947883606 0
0.80961012840271 0
0.8343439698219299 0
0.7832688689231873 0
0.8503068089485168 0
0.8359902501106262 0
0.8250421285629272 0
0.7563456296920776 0
0.8735347986221313 0
0.888136088848114 0
0.8282294869422913 0
0.9459624886512756 0
0.9453085064888 0
0.8851838111877441 0
0.869199812412262 0
0.8697032928466797 0
0.8759980797767639 0
0.8903871774673462 0
0.9004890322685242 0
0.849963903427124 0
0.88536536693573 0
0.821212649345398 0
0.8778913617134094 0
0.8517088294029236 0
0.7887763381004333 0
0.7929432392120361 0
0.8904670476913452 0
0.7739270329475403 0
0.7789693474769592 0
0.9221531748771667 0
0.6926493048667908 0
0.899357259273529 0
0.9082548022270203 0
0.90635085105896 0
0.8733912706375122 0
0.9260208010673523 0
0.8874210715293884 0
0.803494393825531 0
0.8337447643280029 0
0.7813629508018494 0
0.786950945854187 0
0.41520342230796814 0
0.4599023461341858 0
0.4374259412288666 0
0.4018124043941498 0
0.4623510241508484 0
0.5117748379707336 0
0.4946577847003937 0
0.4715762436389923 0
0.3238682746887207 0
0.48116880655288696 0
0.47879308462142944 0
0.5261442065238953 0
0.40596041083335876 0
0.5215743780136108 0
0.43345168232917786 0
0.048846933990716934 0
0.2327709197998047 0
0.15921875834465027 0
0.07481877505779266 0
0.14921364188194275 0
-0.006373107433319092 0
0.10601654648780823 0
0.10384220629930496 0
0.15278254449367523 0
0.3198881149291992 0
0.1761370599269867 0
0.09496575593948364 0
0.20025327801704407 0
0.1369677484035492 0
0.8000090718269348 0
0.5943486094474792 0
0.6680046916007996 0
0.6405816078186035 0
0.5987041592597961 0
0.6773563027381897 0
0.6975356340408325 0
0.6537156701087952 0
0.8382531404495239 0
0.760459840297699 0
0.7426874041557312 0
0.7466322779655457 0
0.7059938311576843 0
0.6845009922981262 0
0.7209440469741821 0
0.6939538717269897 0
0.7321324944496155 0
0.7573021054267883 0
0.7487040162086487 0
0.6696327328681946 0
0.8048633933067322 0
0.6893484592437744 0
0.594205379486084 0
0.7481584548950195 0
0.6706499457359314 0
0.6788465976715088 0
0.6969688534736633 0
0.6011968851089478 0
0.5435715317726135 0
0.721197247505188 0
0.7950799465179443 0
0.7265110611915588 0
0.6464667320251465 0
0.7393121123313904 0
0.7683571577072144 0
0.6898626089096069 0
0.6594423055648804 0
0.6886964440345764 0
0.7622642517089844 0
0.7332996726036072 0
0.7890023589134216 0
0.6166825890541077 0
0.8050993084907532 0
0.8365966081619263 0
0.7764009833335876 0
0.8963181376457214 0
0.8279919624328613 0
0.8938671350479126 0
0.8094924092292786 0
0.8589670062065125 0
0.8697978854179382 0
0.8487240076065063 0
0.7896488308906555 0
0.8014262914657593 0
0.8247032165527344 0
0.8492893576622009 0
0.899749219417572 0
0.9100268483161926 0
0.8792151808738708 0
0.9027805328369141 0
0.8844617009162903 0
0.8355615735054016 0
0.8987945914268494 0
0.9028860926628113 0
0.8661330342292786 0
0.8780297040939331 0
0.8943638205528259 0
0.7215489745140076 0
0.8787614107131958 0
0.8781591057777405 0
0.8294523358345032 0
0.8263698816299438 0
0.8281424641609192 0
0.9034204483032227 0
0.9271260499954224 0
0.8777571320533752 0
0.9080342054367065 0
0.8399008512496948 0
0.8193722367286682 0
0.838222086429596 0
0.8922650814056396 0
0.8913595080375671 0
0.7396371364593506 0
0.9028516411781311 0
0.8938236236572266 0
0.9399920701980591 1
0.8535573482513428 1
0.9298570156097412 1
0.9428146481513977 1
0.9606674313545227 1
0.9844672679901123 1
0.9848394989967346 1
0.8821496367454529 1
0.9603036642074585 1
0.9776347279548645 1
0.9693840742111206 1
0.901127815246582 1
0.946707010269165 1
0.9671419858932495 1
0.974766194820404 1
0.9684157967567444 1
0.973313570022583 1
0.9500489830970764 1
0.9751079082489014 1
0.9734894037246704 1
0.972963809967041 1
0.9691541194915771 1
0.965192973613739 1
0.9596083760261536 1
0.9739251136779785 1
0.9745408892631531 1
0.9779907464981079 1
0.9903473854064941 1
0.9101333618164062 1
0.9744593501091003 1
0.8811036348342896 0
0.8295226693153381 0
0.8809511065483093 0
0.8935770988464355 0
0.9076706767082214 0
0.9103150367736816 0
0.8706883192062378 0
0.8454952239990234 0
0.9029340744018555 0
0.8822050094604492 0
0.7771636247634888 0
0.8992282748222351 0
0.8155759572982788 0
0.8084965348243713 0
0.7947653532028198 0
0.9140834808349609 0
0.8997737765312195 0
0.9023045301437378 0
0.8350922465324402 0
0.8660482168197632 0
0.9192840456962585 0
0.9353767037391663 0
0.975218653678894 0
0.8292165398597717 0
0.9426036477088928 0
0.8831385970115662 0
0.8599915504455566 0
0.8938055634498596 0
0.8981779217720032 0
0.9202072024345398 0
0.915671706199646 0
0.9274426698684692 0
0.9312999248504639 0
0.8229175806045532 0
0.8341269493103027 0
0.8527374863624573 0
0.8863722681999207 0
0.8964520692825317 0
0.7906198501586914 0
0.8021408319473267 0
0.9026000499725342 0
0.8791937232017517 0
0.5441209077835083 0
0.4450215697288513 0
0.4164755642414093 0
0.5235495567321777 0
0.5117612481117249 0
0.4068947434425354 0
0.37909379601478577 0
0.3805873692035675 0
0.43467316031455994 0
0.439253568649292 0
0.5255107879638672 0
0.5210241675376892 0
0.4885289669036865 0
0.4960290491580963 0
0.46841272711753845 0
0.18062981963157654 0
0.14532531797885895 0
0.10936098545789719 0
0.12657929956912994 0
0.2081173211336136 0
0.26820462942123413 0
0.17781469225883484 0
0.17086559534072876 0
0.17416448891162872 0
0.1428472250699997 0
0.21388666331768036 0
0.1309831440448761 0
0.12039761245250702 0
0.17278558015823364 0
0.6670318841934204 0
0.6540660858154297 0
0.6380996108055115 0
0.5552017092704773 0
0.7349545359611511 0
0.6747222542762756 0
0.7300580143928528 0
0.6365088820457458 0
0.67267906665802 0
0.6177325248718262 0
0.6596896052360535 0
0.7326885461807251 0
0.7432609796524048 0
0.7069768309593201 0
0.7376556396484375 0
0.7199500799179077 0
0.5851219296455383 0
0.6633642315864563 0
0.7088793516159058 0
0.6214403510093689 0
0.7393637299537659 0
0.833510160446167 0
0.681982159614563 0
0.7401866912841797 0
0.6806337237358093 0
0.6457560062408447 0
0.7380549907684326 0
0.7409546971321106 0
0.5635191202163696 0
0.75249183177948 0
0.7237039804458618 0
0.7914966344833374 0
0.8292766213417053 0
0.8059070706367493 0
0.8257365226745605 0
0.8050858974456787 0
0.7768518924713135 0
0.7271047830581665 0
0.8296748399734497 0
0.8035128116607666 0
0.7266687750816345 0
0.7180474996566772 0
0.8702251315116882 0
0.8901799917221069 0
0.8388105630874634 0
0.9400628805160522 0
0.8474195599555969 0
0.8894893527030945 0
0.909665584564209 0
0.8215409517288208 0
0.8539747595787048 0
0.8668910264968872 0
0.8542019128799438 0
0.9327690005302429 0
0.9532942175865173 0
0.8947275280952454 0
0.9307505488395691 0
0.885158360004425 0
0.9364537596702576 0
0.9302036166191101 0
0.9321250319480896 0
0.8197903633117676 0
0.9188719987869263 0
0.8056987524032593 0
0.8775646090507507 0
0.8925805687904358 0
0.746800422668457 0
0.9119231700897217 0
0.8746805787086487 0
0.6260660290718079 0
0.8257963061332703 0
0.9108715653419495 0
0.8937317132949829 0
0.8487218618392944 0
0.9006330370903015 0
0.9062905311584473 0
0.9239787459373474 0
0.8623806834220886 0
0.9158321022987366 0
0.9455724954605103 0
0.8949635028839111 0
0.9008899927139282 0
0.9085090756416321 0
0.917299211025238 0
0.8289064764976501 0
0.7491903901100159 0
0.8034756779670715 0
0.8793504238128662 0
0.7935810685157776 0
0.883434534072876 0
0.9353053569793701 0
0.8601617217063904 0
0.9106246829032898 0
0.8184626698493958 0
0.8137405514717102 0
0.8631187677383423 0
0.8742035627365112 0
0.8726335763931274 0
0.8883121013641357 0
0.8677247166633606 0
0.907288134098053 0
0.8435336351394653 0
0.9176529049873352 0
0.9149147272109985 0
0.9083803296089172 0
0.9179762005805969 0
0.8857232332229614 0
0.9253464937210083 0
0.7195846438407898 0
0.9024733901023865 0
0.906369686126709 0
0.8355246186256409 0
0.8683804273605347 0
0.7989553213119507 0
0.6503521800041199 0
0.984743058681488 1
0.953099250793457 1
0.9470577239990234 1
0.9357805252075195 1
0.968154788017273 1
0.9599008560180664 1
0.9812202453613281 1
0.9546625018119812 1
0.9506645202636719 1
0.955237865447998 1
0.969683051109314 1
0.8796562552452087 1
0.9495260715484619 1
0.9720889329910278 1
0.9322923421859741 1
0.9851909279823303 1
0.9668416380882263 1
0.9796820282936096 1
0.9015907645225525 1
0.9423432350158691 1
0.9679089784622192 1
0.957217812538147 1
0.9770093560218811 1
0.9851527810096741 1
0.978314220905304 1
0.9477277398109436 1
0.9237030148506165 1
0.9826433062553406 1
0.9947386980056763 1
0.9694315791130066 1
0.8981858491897583 1
0.9246187210083008 1
0.9367235898971558 1
0.9191015958786011 1
0.8869609832763672 1
0.9396703839302063 1
0.9456870555877686 1
0.9598751664161682 1
0.9131474494934082 1
0.957442581653595 1
0.9555138945579529 1
0.9123842120170593 1
0.37603986263275146 0
0.3526453673839569 0
0.4108838140964508 0
0.3557014763355255 0
0.3138608932495117 0
0.6049157977104187 0
0.3584130108356476 0
0.27183398604393005 0
0.44209349155426025 0
0.44959333539009094 0
0.3245038390159607 0
0.29479867219924927 0
0.31165575981140137 0
0.3505013585090637 0
0.43530628085136414 0
-0.007478911895304918 0
0.04500642046332359 0
-0.0958310067653656 0
-0.07182708382606506 0
0.009825055487453938 0
0.011372227221727371 0
-0.009499611333012581 0
0.06033997982740402 0
0.14750276505947113 0
-0.03346077352762222 0
0.08751684427261353 0
-0.07737715542316437 0
0.011867241933941841 0
0.0464138425886631 0
0.817692756652832 0
0.8113160133361816 0
0.8773700594902039 0
0.7589366436004639 0
0.7732805609703064 0
0.81639564037323 0
0.76451176404953 0
0.7287899851799011 0
0.7924956679344177 0
0.7397032976150513 0
0.7675778865814209 0
0.8140002489089966 0
0.7210978269577026 0
0.7564046382904053 0
0.8531960844993591 0
0.7675427198410034 0
0.7180905342102051 0
0.8335908055305481 0
0.8355657458305359 0
0.7952912449836731 0
0.8208836913108826 0
0.788413405418396 0
0.8087401390075684 0
0.7632395029067993 0
0.8703188300132751 0
0.7980228662490845 0
0.8329082131385803 0
0.8054943680763245 0
0.8486325740814209 0
0.8535952568054199 0
0.7907514572143555 0
0.7843402028083801 0
0.6481656432151794 0
0.7437872886657715 0
0.8310825824737549 0
0.7927094101905823 0
0.7900533080101013 0
0.6782179474830627 0
0.8015972971916199 0
0.8548747897148132 0
0.8240861296653748 0
0.8227015137672424 0
0.8761524558067322 0
0.888335108757019 0
0.8932338356971741 0
0.9100037813186646 0
0.9235013127326965 0
0.9434186816215515 0
0.8215881586074829 0
0.9777369499206543 0
0.925575852394104 0
0.8733456134796143 0
0.9196398854255676 0
0.9309834241867065 0
0.9125609993934631 0
0.9134851694107056 0
0.8981608152389526 0
0.8592047095298767 0
0.8621005415916443 0
0.9386752843856812 0
0.817359983921051 0
0.8974300026893616 0
0.8487806916236877 0
0.9340949058532715 0
0.9073967933654785 0
0.9008775949478149 0
0.9338349103927612 0
0.9032566547393799 0
0.8942810297012329 0
0.8166366219520569 0
0.8533432483673096 0
0.8388428688049316 0
0.7025683522224426 0
0.8762927055358887 0
0.8726836442947388 0
0.727750837802887 0
0.9140126705169678 0
0.9247283935546875 0
0.9045871496200562 0
0.9473540782928467 0
0.8745027184486389 0
0.8928928971290588 0
0.8465659022331238 0
0.8790251016616821 0
0.8355991244316101 0
0.6936038732528687 0
0.7616225481033325 0
0.8643710017204285 0
0.7911192774772644 0
0.8149734139442444 0
0.9000714421272278 0
0.8050042986869812 0
0.9070225358009338 0
0.8790626525878906 0
0.9204712510108948 0
0.8302207589149475 0
0.8380307555198669 0
0.8674232363700867 0
0.9309205412864685 0
0.92286616563797 0
0.8929754495620728 0
0.9062564969062805 0
0.7792232632637024 0
0.8880578875541687 0
0.8279483318328857 0
0.922773003578186 0
0.9179118871688843 0
0.9471994638442993 0
0.8890430331230164 0
0.8305642008781433 0
0.8017337322235107 0
0.8236426711082458 0
0.839195966720581 0
0.8365795016288757 0
0.9606673717498779 1
0.9746069312095642 1
0.9111274480819702 1
0.9780341386795044 1
0.9676999449729919 1
0.9279841184616089 1
0.979644238948822 1
0.9771177172660828 1
0.9722936153411865 1
0.9125882983207703 1
0.9552378058433533 1
0.9710584878921509 1
0.9533452391624451 1
0.969555139541626 1
0.9461578130722046 1
0.9669445157051086 1
0.9733959436416626 1
0.977104127407074 1
0.9786877036094666 1
0.9794917106628418 1
0.9250141978263855 1
0.9788753986358643 1
0.9726036190986633 1
0.9728838205337524 1
0.9690621495246887 1
0.9685094952583313 1
0.9831365346908569 1
0.9897302985191345 1
0.9861159324645996 1
0.9349746704101562 1
1.0000001192092896 1
0.9420500993728638 1
0.957667887210846 1
0.9586983323097229 1
0.9772276878356934 1
0.9467783570289612 1
0.9432453513145447 1
0.9405809044837952 1
0.9596268534660339 1
0.9610008001327515 1
0.9621599912643433 1
0.918555736541748 1
0.974213182926178 1
0.4941413402557373 0
0.6329838633537292 0
0.5048420429229736 0
0.2917625904083252 0
0.3445211946964264 0
0.5131545662879944 0
0.4040201008319855 0
0.1888645589351654 0
0.18461132049560547 0
0.5320726633071899 0
0.42220768332481384 0
0.37693384289741516 0
0.4822053909301758 0
0.43714460730552673 0
0.03816171735525131 0
-0.031121401116251945 0
0.013869689777493477 0
-0.044438038021326065 0
-0.10312756150960922 0
0.05415443703532219 0
0.042840376496315 0
-0.022175569087266922 0
-0.011370820924639702 0
0.02112683467566967 0
0.050775203853845596 0
0.07275566458702087 0
0.0789225846529007 0
-0.03444172069430351 0
0.047406166791915894 0
0.8342486023902893 0
0.7821201086044312 0
0.7891950607299805 0
0.7795494794845581 0
0.8096602559089661 0
0.7808027863502502 0
0.774462878704071 0
0.7902392148971558 0
0.8709855675697327 0
0.8237901926040649 0
0.7645047903060913 0
0.8546955585479736 0
0.7624990940093994 0
0.8365044593811035 0
0.7506720423698425 0
0.9006197452545166 0
0.7538602948188782 0
0.7893374562263489 0
0.8530953526496887 0
0.8361372947692871 0
0.852217972278595 0
0.8092783093452454 0
0.7818813920021057 0
0.8160279989242554 0
0.781286895275116 0
0.7874106168746948 0
0.8471102714538574 0
0.7688835263252258 0
0.7891827821731567 0
0.8239614367485046 0
0.6705358028411865 0
0.8835012316703796 0
0.8483462929725647 0
0.752407431602478 0
0.78742516040802 0
0.6842694878578186 0
0.7847340106964111 0
0.773612380027771 0
0.8239748477935791 0
0.7733290791511536 0
0.7698363661766052 0
0.8541585206985474 0
0.8324838876724243 0
0.8726807236671448 0
0.7974323034286499 0
0.936820387840271 0
0.918181300163269 0
0.8266475796699524 0
0.9093464612960815 0
0.9259905815124512 0
0.9180379509925842 0
0.8792989253997803 0
0.8389197587966919 0
0.9449883103370667 0
0.9541270732879639 0
0.8695801496505737 0
0.927821695804596 0
0.8529336452484131 0
0.8098974823951721 0
0.891389012336731 0
0.8767849802970886 0
0.9396414756774902 0
0.9120857119560242 0
0.8259530663490295 0
0.8992965817451477 0
0.894644558429718 0
0.9116556644439697 0
0.87418532371521 0
0.8954309821128845 0
0.844042956829071 0
0.712947428226471 0
0.8696920871734619 0
0.7540017366409302 0
0.8471359610557556 0
0.892401397228241 0
0.9055567383766174 0
0.8778204321861267 0
0.8115234971046448 0
0.9303041696548462 0
0.8972402811050415 0
0.9554802775382996 0
0.5918360352516174 0
0.6764219999313354 0
0.44445526599884033 0
0.4773874282836914 0
0.46152305603027344 0
0.4282529950141907 0
0.41245973110198975 0
0.473677396774292 0
0.3785111606121063 0
0.5430526733398438 0
0.4178621470928192 0
0.5108844637870789 0
0.4915102422237396 0
0.4414638876914978 0
0.5010076761245728 0
0.34747686982154846 0
0.42277291417121887 0
0.343182772397995 0
0.42224472761154175 0
0.4418216347694397 0
0.4419556260108948 0
0.4222169816493988 0
0.3635007441043854 0
0.47957509756088257 0
0.4920395612716675 0
0.500306248664856 0
0.3990693688392639 0
0.478786438703537 0
0.3537597358226776 0
0.4034895598888397 0
0.37618812918663025 0
0.3760112524032593 0
0.4275040626525879 0
0.3519768714904785 0
0.29471659660339355 0
0.23839975893497467 0
0.3156702220439911 0
0.4081798195838928 0
0.36841148138046265 0
0.45017188787460327 0
0.3668161630630493 0
0.30326300859451294 0
0.41496542096138 0
0.4103187024593353 0
0.2944270372390747 0
0.3520872890949249 0
0.5808426141738892 0
0.3762792944908142 0
0.4153518080711365 0
0.3324631452560425 0
0.5959004759788513 0
0.4089215099811554 0
0.4043358266353607 0
0.377285897731781 0
0.5551355481147766 0
0.5260822772979736 0
0.3608655631542206 0
0.6061602830886841 0
0.39887118339538574 0
0.32427170872688293 0
0.32852694392204285 0
0.37618112564086914 0
0.42301705479621887 0
0.26584580540657043 0
0.43337905406951904 0
0.5014720559120178 0
0.4713941216468811 0
0.3632718324661255 0
0.4221791923046112 0
0.39246559143066406 0
0.6240964531898499 0
0.3452608585357666 0
0.2743628919124603 0
0.22848033905029297 0
0.30340930819511414 0
0.37682047486305237 0
0.8707502484321594 1
0.9419978857040405 1
0.9743821620941162 1
0.9622969627380371 1
0.9918038249015808 1
0.9686140418052673 1
0.9090375900268555 1
0.9704893231391907 1
0.989054799079895 1
0.9842240214347839 1
0.9573997259140015 1
0.9444503784179688 1
0.7324270009994507 1
0.9824655055999756 1
0.6955480575561523 1
0.715785801410675 1
0.5816622376441956 1
0.5896281599998474 1
0.5863063335418701 1
0.5442379117012024 1
0.6118251085281372 1
0.6013152003288269 1
0.6141768097877502 1
0.5899948477745056 1
0.6083282232284546 1
0.5992356538772583 1
0.6028336882591248 1
0.6182944774627686 1
0.6808701753616333 1
0.13211071491241455 0
0.11505381762981415 0
0.1768215298652649 0
0.28818994760513306 0
0.20837730169296265 0
0.12323642522096634 0
0.22188231348991394 0
0.25501319766044617 0
0.21206319332122803 0
0.2391720414161682 0
0.15738528966903687 0
0.2552435100078583 0
0.14601683616638184 0
0.2365507334470749 0
0.22390404343605042 0
0.24333256483078003 0
0.15991994738578796 0
0.3157881796360016 0
0.25540024042129517 0
0.15741582214832306 0
0.23867259919643402 0
0.1371098756790161 0
0.16869840025901794 0
0.0476178415119648 0
0.28312715888023376 0
0.05945705622434616 0
0.25741636753082275 0
0.07676459103822708 0
0.34107813239097595 0
0.19331267476081848 0
0.20303480327129364 0
0.269582599401474 0
0.2460940182209015 0
0.23838794231414795 0
0.11900890618562698 0
0.16669709980487823 0
0.2319287806749344 0
0.28263768553733826 0
0.2557438015937805 0
0.3104930520057678 0
0.24863821268081665 0
-0.1405070722103119 0
0.1123700961470604 0
0.2094944268465042 0
0.15301986038684845 0
0.1451283097267151 0
0.06404910236597061 0
0.13117773830890656 0
0.03518218174576759 0
0.1796342134475708 0
0.10480029881000519 0
0.16762499511241913 0
0.15244033932685852 0
0.1489536464214325 0
0.23690170049667358 0
0.2094467580318451 0
0.14299315214157104 0
0.18748334050178528 0
0.14427806437015533 0
0.26147082448005676 0
0.1282384693622589 0
0.09656448662281036 0
0.13041217625141144 0
0.12599675357341766 0
0.11759696900844574 0
0.15533587336540222 0
0.1220652386546135 0
0.12312151491641998 0
0.2876654267311096 0
0.18551169335842133 0
0.1556413173675537 0
0.12379142642021179 0
0.14196449518203735 0
0.2270345240831375 0
0.14862969517707825 0
0.10512398928403854 0
0.2783393859863281 0
0.18796811997890472 0
0.07281643152236938 0
0.11992897093296051 0
0.07388148456811905 0
0.11671861261129379 0
0.25595301389694214 0
0.102921262383461 0
0.20254364609718323 0
0.12970896065235138 0
0.09600023180246353 0
0.15200300514698029 0
0.12131860107183456 0
0.10185955464839935 0
0.15506905317306519 0
0.17509041726589203 0
0.08420486748218536 0
0.1379985213279724 0
0.11710876226425171 0
0.06613555550575256 0
-0.013708962127566338 0
0.09342899173498154 0
0.1683899462223053 0
0.1732770800590515 0
0.1812298744916916 0
0.07767220586538315 0
0.14265771210193634 0
0.1778574287891388 0
0.1469494253396988 0
0.0475660040974617 0
0.1681993305683136 0
0.1738167107105255 0
0.29508623480796814 0
0.17118048667907715 0
0.1216936856508255 0
0.23725061118602753 0
0.17041505873203278 0
0.11521734297275543 0
-0.050152283161878586 0
-0.03595871105790138 0
0.009031560271978378 0
0.11715485900640488 0
0.061500292271375656 0
-0.02256407029926777 0
0.059233684092760086 0
-0.04661424458026886 0
0.0755508691072464 0
0.05798602104187012 0
0.08556072413921356 0
0.013015339151024818 0
0.021287253126502037 0
-0.04244663938879967 0
-0.018024886026978493 0
0.0401621088385582 0
0.06292296946048737 0
0.03897413983941078 0
0.12412746250629425 0
0.005734519101679325 0
0.09892696142196655 0
-0.06677672266960144 0
0.032892901450395584 0
0.008122711442410946 0
0.13168230652809143 0
-0.052529528737068176 0
-0.008461137302219868 0
0.01920180767774582 0
0.014039500616490841 0
0.13534285128116608 0
-0.05047309771180153 0
0.315409779548645 0
0.10143925994634628 0
0.04148881882429123 0
0.011517058126628399 0
0.08180896937847137 0
0.03219454362988472 0
-0.03452467918395996 0
0.3104398846626282 0
-0.030015895143151283 0
0.041392505168914795 0
-0.044145237654447556 0
0.5017749071121216 1
0.5332457423210144 1
0.5642643570899963 1
0.6141164898872375 1
0.6432369947433472 1
0.4864775836467743 1
0.6541646718978882 1
0.7136597037315369 1
0.58551025390625 1
0.7083634734153748 1
0.6088154911994934 1
0.5984331965446472 1
0.6694802045822144 1
0.5759117603302002 1
0.5864353775978088 1
0.95987868309021 1
0.958236813545227 1
0.9926794767379761 1
0.9724337458610535 1
0.9883139729499817 1
0.9643397927284241 1
0.985188901424408 1
0.9918970465660095 1
0.8908333778381348 1
0.9793697595596313 1
0.9883056879043579 1
0.9756430387496948 1
0.9847040176391602 1
0.9903023838996887 1
-0.04461292177438736 0
