0.9892547130584717 1
0.9936331510543823 1
0.9915190935134888 1
0.9925394058227539 1
0.9786734580993652 1
0.9800400137901306 1
0.9823888540267944 1
0.9799813628196716 1
0.9940305352210999 1
0.994627833366394 1
0.9767966270446777 1
0.9900504350662231 1
0.9941011071205139 1
0.984042763710022 1
0.994906485080719 1
0.9829514622688293 1
0.9853468537330627 1
0.9873899221420288 1
0.989011824131012 1
0.9796764850616455 1
0.9867662787437439 1
0.9821007251739502 1
0.9886289238929749 1
0.9843451976776123 1
0.9828740954399109 1
0.9938806891441345 1
0.9916168451309204 1
0.9892913699150085 1
0.9727113246917725 1
0.9842203855514526 1
0.9925144910812378 1
0.9935402870178223 1
0.9933765530586243 1
0.9971219897270203 1
0.9807541966438293 1
0.9941949248313904 1
0.9933367967605591 1
0.9890348315238953 1
0.9950159788131714 1
0.9779127240180969 1
0.9846611022949219 1
0.9931890964508057 1
0.8307374715805054 0
0.8177435398101807 0
0.8816463351249695 0
0.8788527846336365 0
0.866195797920227 0
0.859800398349762 0
0.8791307806968689 0
0.9342859983444214 0
0.8571754097938538 0
0.9187570810317993 0
0.8244407176971436 0
0.9144167304039001 0
0.9160758852958679 0
0.9047072529792786 0
0.9268543124198914 0
0.8943072557449341 0
0.8429321050643921 0
0.9184709191322327 0
0.8975197672843933 0
0.8701888918876648 0
0.8682639598846436 0
0.9589323401451111 0
0.8821194171905518 0
0.81422358751297 0
0.8804676532745361 0
0.8511430621147156 0
0.8263895511627197 0
0.864226222038269 0
0.8706756234169006 0
0.910093367099762 0
0.7801113128662109 0
0.9316250681877136 0
0.860379159450531 0
0.9011374115943909 0
0.8607561588287354 0
0.8841133713722229 0
0.8536990284919739 0
0.9028392434120178 0
0.9295148849487305 0
0.8082457184791565 0
0.8374428153038025 0
0.8106193542480469 0
0.7890737056732178 0
0.7322696447372437 0
0.8695603609085083 0
0.7946631908416748 0
0.853318452835083 0
0.8645908832550049 0
0.8809206485748291 0
0.8663555979728699 0
0.8439505100250244 0
0.8403250575065613 0
0.6672935485839844 0
0.8041520714759827 0
0.89167320728302 0
0.9140431880950928 0
0.8367435932159424 0
0.8160215020179749 0
0.8055465817451477 0
0.8183650970458984 0
0.766762912273407 0
0.804990828037262 0
0.7982847094535828 0
0.855531632900238 0
0.8667957186698914 0
0.8189160823822021 0
0.8829790353775024 0
0.8743425607681274 0
0.8804736733436584 0
0.8677753806114197 0
0.804084300994873 0
0.8405826687812805 0
0.9108995199203491 0
0.8978297114372253 0
0.9227221012115479 0
0.9236199259757996 0
0.8719377517700195 0
0.8874453902244568 0
0.9226409792900085 0
0.8859381079673767 0
0.9598162174224854 0
0.9379119873046875 0
0.9496104717254639 0
0.9309780597686768 0
0.9375067353248596 0
0.8819310069084167 0
0.9455617666244507 0
0.9347357153892517 0
0.914776086807251 0
0.9243288040161133 0
0.9105483293533325 0
0.895173966884613 0
0.9349559545516968 0
0.9279263019561768 0
0.8968436121940613 0
0.9771443605422974 0
0.9453105330467224 0
0.917911171913147 0
0.9583940505981445 0
0.8917005658149719 0
0.9389249086380005 0
0.8881819844245911 0
0.9405193328857422 0
0.9364472031593323 0
0.8883777260780334 0
0.9659942984580994 0
0.9434517621994019 0
0.9132139086723328 0
0.915984034538269 0
0.8899829387664795 0
0.9289969205856323 0
0.9341587424278259 0
0.9140753149986267 0
0.982982337474823 0
0.5109781622886658 0
0.4417443573474884 0
0.3314976990222931 0
0.5467429757118225 0
0.3428524434566498 0
0.5410744547843933 0
0.14092917740345 0
0.310987263917923 0
0.3737112581729889 0
0.7094451189041138 0
0.7330347895622253 0
0.759540319442749 0
0.7117843627929688 0
0.6365970373153687 0
0.7435257434844971 0
0.11111766844987869 0
0.07581270486116409 0
-0.0007765450864098966 0
0.05787614360451698 0
0.21114030480384827 0
0.08182870596647263 0
0.18299882113933563 0
0.08270688354969025 0
0.15253013372421265 0
0.058744098991155624 0
0.09540914744138718 0
0.09921850264072418 0
0.04124476760625839 0
0.16179212927818298 0
0.989181399345398 1
0.9946942925453186 1
0.972804844379425 1
0.995227038860321 1
0.9922664761543274 1
0.9716907143592834 1
0.9855377674102783 1
0.9502384066581726 1
0.9884682893753052 1
0.9944554567337036 1
0.9744110703468323 1
0.9930140376091003 1
0.9968071579933167 1
0.9930218458175659 1
0.9956590533256531 1
0.994570791721344 1
0.9820510149002075 1
0.980029284954071 1
0.9741500020027161 1
0.9731491208076477 1
0.9809224605560303 1
0.9953991174697876 1
0.982026219367981 1
0.9960151314735413 1
0.9831343293190002 1
0.9949914813041687 1
0.9750881791114807 1
0.9826499223709106 1
0.9866641759872437 1
0.9821504354476929 1
0.9682852029800415 1
0.9697767496109009 1
0.9932729601860046 1
0.9898810982704163 1
0.9772251844406128 1
0.9885382652282715 1
0.9849380254745483 1
0.993884801864624 1
0.991579532623291 1
0.9925461411476135 1
0.9915481805801392 1
0.9782059192657471 1
0.9867912530899048 1
0.8550868630409241 0
0.7869520783424377 0
0.9233635663986206 0
0.866633951663971 0
0.9088219404220581 0
0.9508368968963623 0
0.8597493171691895 0
0.8070379495620728 0
0.8988416790962219 0
0.854659378528595 0
0.8693050146102905 0
0.9249976277351379 0
0.8490368723869324 0
0.9318056106567383 0
0.9203966856002808 0
0.878544270992279 0
0.9145865440368652 0
0.8642662167549133 0
0.8519797325134277 0
0.9147998690605164 0
0.9086224436759949 0
0.8766623735427856 0
0.8480852842330933 0
0.7873042225837708 0
0.9325668215751648 0
0.8220891952514648 0
0.761458158493042 0
0.8893683552742004 0
0.883354663848877 0
0.8758404850959778 0
0.8312764763832092 0
0.9263269901275635 0
0.9082786440849304 0
0.9230028390884399 0
0.8994539976119995 0
0.9513363838195801 0
0.8973489999771118 0
0.9004754424095154 0
0.9088137149810791 0
0.8805171251296997 0
0.9114547967910767 0
0.8648847937583923 0
0.7534036636352539 0
0.7397923469543457 0
0.8520192503929138 0
0.8175593018531799 0
0.8211837410926819 0
0.857413113117218 0
0.846040666103363 0
0.8168958425521851 0
0.7945300936698914 0
0.8135396838188171 0
0.7379962205886841 0
0.8841997385025024 0
0.8695322275161743 0
0.8018354773521423 0
0.9044922590255737 0
0.8333561420440674 0
0.8535818457603455 0
0.8358095288276672 0
0.8914180994033813 0
0.8386537432670593 0
0.8544374108314514 0
0.8531679511070251 0
0.8771888017654419 0
0.784291684627533 0
0.8318902254104614 0
0.9242758750915527 0
0.8502016663551331 0
0.8243569135665894 0
0.7882903218269348 0
0.8395410180091858 0
0.9103567600250244 0
0.927794873714447 0
0.9069658517837524 0
0.9559668898582458 0
0.8938255310058594 0
0.9375630021095276 0
0.8901495337486267 0
0.9484469294548035 0
0.9079077243804932 0
0.9512719511985779 0
0.9364331960678101 0
0.8762031197547913 0
0.955446183681488 0
0.9025631546974182 0
0.9092663526535034 0
0.8821621537208557 0
0.9022496938705444 0
0.902993381023407 0
0.8513097763061523 0
0.8875496983528137 0
0.9286068677902222 0
0.9042989015579224 0
0.9436323642730713 0
0.9482905268669128 0
0.8667364120483398 0
0.9194099307060242 0
0.945136308670044 0
0.9365884065628052 0
0.9369310736656189 0
0.9205389022827148 0
0.920853853225708 0
0.8793752789497375 0
0.9398359656333923 0
0.9263384342193604 0
0.910588800907135 0
0.918997585773468 0
0.8756086826324463 0
0.8962120413780212 0
0.8455711007118225 0
0.9331870079040527 0
0.9790235757827759 0
0.9387549161911011 0
0.39409294724464417 0
0.2534322142601013 0
0.5616974234580994 0
0.28395673632621765 0
0.608722448348999 0
0.6367177963256836 0
0.5930982828140259 0
0.37103164196014404 0
0.6832020878791809 0
0.6604620814323425 0
0.7279542684555054 0
0.7614400386810303 0
0.7561237812042236 0
0.559087336063385 0
0.7381953001022339 0
0.08688603341579437 0
0.08837541937828064 0
0.14335142076015472 0
-0.05201862379908562 0
0.07434330135583878 0
0.0817042887210846 0
0.019990872591733932 0
0.10923708230257034 0
0.043761007487773895 0
0.0003374428488314152 0
0.0019885036163032055 0
-0.05234651267528534 0
0.21395841240882874 0
-0.02731405757367611 0
0.9865002036094666 1
0.9841490983963013 1
0.9924944639205933 1
0.9844547510147095 1
0.9701517224311829 1
0.9666504263877869 1
0.9790833592414856 1
0.9815770387649536 1
0.9802560210227966 1
0.9939196109771729 1
0.992577075958252 1
0.989760160446167 1
0.987396240234375 1
0.9925984144210815 1
0.9810149669647217 1
0.9841160774230957 1
0.9862106442451477 1
0.9927964210510254 1
0.9885805249214172 1
0.9916714429855347 1
0.9931237697601318 1
0.9942847490310669 1
0.9890922904014587 1
0.9696892499923706 1
0.9893050193786621 1
0.9856260418891907 1
0.9870181679725647 1
0.9905153512954712 1
0.9792997241020203 1
0.9859181642532349 1
0.9809964299201965 1
0.980003833770752 1
0.9879456162452698 1
0.9812670350074768 1
0.9757335782051086 1
0.9871641397476196 1
0.9745631814002991 1
0.990358293056488 1
0.9912635684013367 1
0.9831811189651489 1
0.9909509420394897 1
0.9812007546424866 1
0.8900381326675415 0
0.8311988115310669 0
0.8007993698120117 0
0.9187597036361694 0
0.8657428622245789 0
0.9475044012069702 0
0.8467845916748047 0
0.9311109781265259 0
0.895051896572113 0
0.8606870770454407 0
0.9916300773620605 1
0.9810500144958496 1
0.9772104620933533 1
0.9415606260299683 1
0.9878262877464294 1
0.9386816620826721 1
0.9866830110549927 1
0.9773115515708923 1
0.9717816114425659 1
0.9745082259178162 1
0.9723800420761108 1
0.9624775648117065 1
0.9892873167991638 1
0.982698380947113 1
0.9344915151596069 1
0.9409016370773315 1
0.9631272554397583 1
0.947347104549408 1
0.9717155694961548 1
0.9536888003349304 1
0.9455787539482117 1
0.9794564843177795 1
0.9581420421600342 1
0.9723812341690063 1
0.9762269854545593 1
0.9800732731819153 1
0.9720524549484253 1
0.9897076487541199 1
0.944722592830658 1
0.9752996563911438 1
0.98699951171875 1
0.9823805689811707 1
0.9090740084648132 0
0.8770080804824829 0
0.8827736973762512 0
0.9645118713378906 0
0.9422159790992737 0
0.9359210133552551 0
0.9275193214416504 0
0.9258967638015747 0
0.9590892195701599 0
0.9414464831352234 0
0.9220559597015381 0
0.9479809403419495 0
0.9064087271690369 0
0.9190511703491211 0
0.950232982635498 0
0.9538609385490417 0
0.9302151203155518 0
0.9490587115287781 0
0.943738579750061 0
0.9579740166664124 0
0.8950827717781067 0
0.882945716381073 0
0.9414241909980774 0
0.9305269122123718 0
0.9321555495262146 0
0.8946561217308044 0
0.9135751128196716 0
0.8917959332466125 0
0.9423732161521912 0
0.9122402667999268 0
0.9753339886665344 0
0.950857400894165 0
0.9325635433197021 0
0.9650413393974304 0
0.9330074191093445 0
0.9566603302955627 0
0.9743037223815918 0
0.9468855857849121 0
0.9656552076339722 0
0.9819256663322449 0
0.9709488153457642 0
0.9644686579704285 0
0.9481486082077026 0
0.9440615177154541 0
0.9483007788658142 0
0.9846305847167969 0
0.9728024005889893 0
0.9031723737716675 0
0.985032320022583 0
0.9768837690353394 0
0.9800769686698914 0
0.9318418502807617 0
0.9665524363517761 0
0.9693552851676941 0
0.9519788026809692 0
0.9597702026367188 0
0.9540626406669617 0
0.9754896759986877 0
0.9739962816238403 0
0.9219228029251099 0
0.8912879228591919 0
0.9799618721008301 0
0.9461529850959778 0
0.9649289846420288 0
0.945692241191864 0
0.9819830656051636 0
0.955205500125885 0
0.959509551525116 0
0.9840002655982971 0
0.9815905690193176 0
0.9302990436553955 0
0.9812287092208862 0
0.9539080858230591 0
0.5756829977035522 0
0.46532532572746277 0
0.778960108757019 0
0.789483904838562 0
0.7311594486236572 0
0.895862340927124 0
0.7685115933418274 0
0.8220246434211731 0
0.5308780670166016 0
0.8188366293907166 0
0.9117727875709534 0
0.8382517099380493 0
0.806603193283081 0
0.81437748670578 0
0.18360535800457 0
0.22890973091125488 0
0.23366057872772217 0
0.1841021478176117 0
0.1862259954214096 0
0.13277077674865723 0
0.13345755636692047 0
0.1979917734861374 0
0.20110221207141876 0
0.18962815403938293 0
0.2357722371816635 0
0.3589562773704529 0
0.46325045824050903 0
0.24308019876480103 0
0.27651968598365784 0
0.8395178914070129 0
0.8865035176277161 0
0.8283999562263489 0
0.8686875700950623 0
0.8612642884254456 0
0.9206992387771606 0
0.8978490829467773 0
0.8936514258384705 0
0.8891563415527344 0
0.9421678781509399 0
0.8727918863296509 0
0.8885936737060547 0
0.8381779193878174 0
0.9298496842384338 0
0.8391508460044861 0
0.9379062056541443 0
0.9152389764785767 0
0.9023007750511169 0
0.9153463840484619 0
0.8528842926025391 0
0.8920239806175232 0
0.9107368588447571 0
0.8842635154724121 0
0.8484102487564087 0
0.8939385414123535 0
0.888542890548706 0
0.9068329334259033 0
0.8804205060005188 0
0.8787713050842285 0
0.8559525609016418 0
0.8366867899894714 0
0.881038248538971 0
0.8974117040634155 0
0.7868611812591553 0
0.8312292695045471 0
0.8947749137878418 0
0.8807275295257568 0
0.860825777053833 0
0.9015803933143616 0
0.8538714051246643 0
0.8890747427940369 0
0.8913432359695435 0
0.9714094400405884 1
0.9505392909049988 1
0.9375573992729187 1
0.9729682207107544 1
0.9823933839797974 1
0.9656173586845398 1
0.9921950697898865 1
0.9877510666847229 1
0.9723984003067017 1
0.9705973863601685 1
0.9663315415382385 1
0.9620062112808228 1
0.9752708673477173 1
0.9775301218032837 1
0.9739865660667419 1
0.9623873829841614 1
0.9710266590118408 1
0.9875734448432922 1
0.8794555068016052 1
0.9954994320869446 1
0.9872385859489441 1
0.9735307693481445 1
0.9727094173431396 1
0.9856321215629578 1
0.989856481552124 1
0.9521610140800476 1
0.9561324119567871 1
0.9779605269432068 1
0.9744744300842285 1
0.9770394563674927 1
0.9753542542457581 1
0.9742782115936279 1
0.9665355086326599 1
0.9665389657020569 1
0.9874736666679382 1
0.9654220342636108 1
0.9706615209579468 1
0.9760041832923889 1
0.9824244379997253 1
0.9791452288627625 1
0.9862018823623657 1
0.9460915923118591 1
0.9086386561393738 0
0.854621171951294 0
0.93013596534729 0
0.9640907645225525 0
0.9358931183815002 0
0.9390469789505005 0
0.9536831378936768 0
0.9313949346542358 0
0.9264910221099854 0
0.9588651657104492 0
0.9465327858924866 0
0.9391884207725525 0
0.9145388603210449 0
0.9509290456771851 0
0.9484941959381104 0
0.9452357292175293 0
0.9227406978607178 0
0.9045785665512085 0
0.9376134276390076 0
0.9134424328804016 0
0.9551593661308289 0
0.8786508440971375 0
0.9474670886993408 0
0.8769281506538391 0
0.9326789379119873 0
0.9558852314949036 0
0.9060527086257935 0
0.9346983432769775 0
0.9005771279335022 0
0.9059920310974121 0
0.9754077792167664 0
0.9588173031806946 0
0.9543933868408203 0
0.9493070244789124 0
0.9686810970306396 0
0.9478493928909302 0
0.9633294343948364 0
0.9552515149116516 0
0.9756690859794617 0
0.9773375988006592 0
0.9653275012969971 0
0.9311369061470032 0
0.9184749126434326 0
0.9639509320259094 0
0.9148856401443481 0
0.9648703932762146 0
0.9578641653060913 0
0.9787039756774902 0
0.9655410051345825 0
0.9458601474761963 0
0.964289665222168 0
0.8649507164955139 0
0.9678598046302795 0
0.9727280139923096 0
0.9263270497322083 0
0.9425401091575623 0
0.9388818740844727 0
0.9846416115760803 0
0.8893283009529114 0
0.9479406476020813 0
0.9873278141021729 0
0.9408951997756958 0
0.9645738005638123 0
0.9238129258155823 0
0.9666594862937927 0
0.915145218372345 0
0.9531161189079285 0
0.9384639263153076 0
0.9496567845344543 0
0.9663689732551575 0
0.9320768713951111 0
0.9470269680023193 0
0.9528259038925171 0
0.8341789245605469 0
0.6777952313423157 0
0.7428564429283142 0
0.7838337421417236 0
0.7436252236366272 0
0.7129034996032715 0
0.5729749798774719 0
0.62068772315979 0
0.8361620306968689 0
0.8322781920433044 0
0.856928288936615 0
0.9010351300239563 0
0.8654815554618835 0
0.8646017909049988 0
0.24795714020729065 0
0.18073122203350067 0
0.24834759533405304 0
0.2437058389186859 0
0.269485741853714 0
0.1620422750711441 0
0.3140329420566559 0
0.1888923943042755 0
0.2238868921995163 0
0.21506327390670776 0
0.2501406967639923 0
0.3078063726425171 0
0.2224433720111847 0
0.4104674756526947 0
0.24277310073375702 0
0.835710883140564 0
0.8457409739494324 0
0.8749375343322754 0
0.8728945851325989 0
0.8751216530799866 0
0.8860630393028259 0
0.8684214353561401 0
0.8533730506896973 0
0.8594130277633667 0
0.8861022591590881 0
0.9142010807991028 0
0.7786410450935364 0
0.7955461144447327 0
0.8869624733924866 0
0.7778881192207336 0
0.9347701072692871 0
0.9111689329147339 0
0.9324203729629517 0
0.9488811492919922 0
0.9172552227973938 0
0.9717719554901123 0
0.9200040102005005 0
0.9151676297187805 0
0.8839878439903259 0
0.9027535319328308 0
0.8253728151321411 0
0.964708149433136 0
0.849163293838501 0
0.9218527674674988 0
0.9006105661392212 0
0.7517993450164795 0
0.8811379671096802 0
0.9393702149391174 0
0.7848812341690063 0
0.8916714191436768 0
0.8517947196960449 0
0.946925699710846 0
0.9123013019561768 0
0.8859347105026245 0
0.9741013050079346 0
0.8723649978637695 0
0.8560370206832886 0
0.9374852180480957 1
0.9563027024269104 1
0.9598572850227356 1
0.9850730299949646 1
0.982439398765564 1
0.9792651534080505 1
0.9860026836395264 1
0.9876964688301086 1
0.981041669845581 1
0.9896302223205566 1
0.9734290242195129 1
0.9881232976913452 1
0.9901440143585205 1
0.9755708575248718 1
0.9764399528503418 1
0.9842448830604553 1
0.9355891942977905 1
0.9811047911643982 1
0.9740046262741089 1
0.9782820343971252 1
0.9589136242866516 1
0.9833260774612427 1
0.9674279689788818 1
0.9820704460144043 1
0.9844664931297302 1
0.967401921749115 1
0.9905993342399597 1
0.9867597818374634 1
0.9760972261428833 1
0.9785610437393188 1
0.9821246266365051 1
0.9408113360404968 1
0.9731674790382385 1
0.9843096137046814 1
0.9733927845954895 1
0.9588630795478821 1
0.9837591052055359 1
0.9759736061096191 1
0.9870316982269287 1
0.9892246127128601 1
0.9702223539352417 1
0.9767138361930847 1
0.901616632938385 0
0.8865103125572205 0
0.9407550096511841 0
0.9409211277961731 0
0.9017667174339294 0
0.9110231399536133 0
0.9427800178527832 0
0.9257872104644775 0
0.9253872632980347 0
0.9353236556053162 0
0.9395595788955688 0
0.947599470615387 0
0.9488109350204468 0
0.9173564314842224 0
0.9294537901878357 0
0.9883905053138733 1
0.9838644862174988 1
0.9607073068618774 1
0.9780025482177734 1
0.9528436064720154 1
0.9188125133514404 1
0.9528827667236328 1
0.9078275561332703 1
0.9861316084861755 1
0.9934690594673157 1
0.9539029598236084 1
0.9629721641540527 1
0.9659414887428284 1
0.9802813529968262 1
0.9798814654350281 1
0.8479904532432556 0
0.9280009269714355 0
0.9229140877723694 0
0.9042057991027832 0
0.8707219362258911 0
0.9076173901557922 0
0.9062522053718567 0
0.9067943096160889 0
0.8912803530693054 0
0.9576004147529602 0
0.9467790126800537 0
0.950475811958313 0
0.9726566672325134 0
0.9727487564086914 0
0.9539475440979004 0
0.9515199661254883 0
0.9504420161247253 0
0.9511009454727173 0
0.9411406517028809 0
0.9803817272186279 0
0.933917760848999 0
0.9489343762397766 0
0.9276041388511658 0
0.9613769054412842 0
0.9599791765213013 0
0.9182126522064209 0
0.9072291851043701 0
0.9542793035507202 0
0.9070453643798828 0
0.9156198501586914 0
0.9741674661636353 0
0.9069510102272034 0
0.9791431427001953 0
0.9751220941543579 0
0.9408233165740967 0
0.953156054019928 0
0.9890552759170532 0
0.9470455646514893 0
0.910610556602478 0
0.9179489612579346 0
0.9261106848716736 0
0.9408527612686157 0
0.6838324069976807 0
0.5765992403030396 0
0.4259676933288574 0
0.5109454989433289 0
0.6578479409217834 0
0.5056979060173035 0
0.6129059791564941 0
0.7383860349655151 0
0.6133213639259338 0
0.5989560484886169 0
0.8929378986358643 0
0.8430940508842468 0
0.8092755675315857 0
0.8900169730186462 0
0.6306583285331726 0
0.20126433670520782 0
0.2545570433139801 0
0.22771312296390533 0
0.16348718106746674 0
0.2482292205095291 0
0.16600443422794342 0
0.18445098400115967 0
0.28010112047195435 0
0.18781785666942596 0
0.3750641644001007 0
0.34717923402786255 0
0.3126082420349121 0
0.3346731960773468 0
0.2578866183757782 0
0.8852025270462036 0
0.7952556014060974 0
0.8327053189277649 0
0.8123642206192017 0
0.7722755670547485 0
0.8066439628601074 0
0.8309867978096008 0
0.7777038216590881 0
0.9032031893730164 0
0.9066921472549438 0
0.8575946092605591 0
0.8440839648246765 0
0.8728033304214478 0
0.8428168296813965 0
0.8447534441947937 0
0.8542210459709167 0
0.841065526008606 0
0.8887048363685608 0
0.8299449682235718 0
0.7574816346168518 0
0.8884291052818298 0
0.7002013325691223 0
0.7135379314422607 0
0.885708212852478 0
0.7715095281600952 0
0.7731701135635376 0
0.8646426796913147 0
0.8377211093902588 0
0.8070417642593384 0
0.8106876015663147 0
0.8940122723579407 0
0.8644246459007263 0
0.7620442509651184 0
0.8564064502716064 0
0.9041222929954529 0
0.8181405067443848 0
0.8085437417030334 0
0.8039358258247375 0
0.8074345588684082 0
0.8546004891395569 0
0.9035894870758057 0
0.7189804315567017 0
0.9048365950584412 0
0.9158747792243958 0
0.8807530403137207 0
0.9514001607894897 0
0.907460629940033 0
0.9466786980628967 0
0.9204079508781433 0
0.9525012373924255 0
0.9306573271751404 0
0.937561571598053 0
0.9544609189033508 0
0.8923220634460449 0
0.9091049432754517 0
0.9101008176803589 0
0.9501898884773254 0
0.9032809138298035 0
0.954755425453186 0
0.9545696973800659 0
0.9059575200080872 0
0.9222829937934875 0
0.9207572340965271 0
0.9452150464057922 0
0.9378741383552551 0
0.9244862198829651 0
0.9504519701004028 0
0.8930427432060242 0
0.943341851234436 0
0.948980450630188 0
0.9048522114753723 0
0.9477725625038147 0
0.895212709903717 0
0.946267306804657 0
0.9456729888916016 0
0.9339212775230408 0
0.9371674060821533 0
0.9097729921340942 0
0.9036551713943481 0
0.8848884105682373 0
0.9234786629676819 0
0.9574032425880432 0
0.8509526252746582 0
0.9450113773345947 0
0.9295497536659241 0
0.9669612050056458 1
0.9395815134048462 1
0.9729728102684021 1
0.9747474193572998 1
0.9879302382469177 1
0.9951907396316528 1
0.9931559562683105 1
0.9624115228652954 1
0.9899725317955017 1
0.9925058484077454 1
0.9863106608390808 1
0.9554961919784546 1
0.9571292996406555 1
0.9745461344718933 1
0.993776798248291 1
0.9805405735969543 1
0.9901829361915588 1
0.9747849702835083 1
0.9863056540489197 1
0.9881541132926941 1
0.989296555519104 1
0.9909848570823669 1
0.9776321649551392 1
0.9794950485229492 1
0.9885250926017761 1
0.987022340297699 1
0.9916860461235046 1
0.993779182434082 1
0.9778414964675903 1
0.9948538541793823 1
0.9495282769203186 0
0.9080095887184143 0
0.9630170464515686 0
0.9510542750358582 0
0.9568628668785095 0
0.9755604863166809 0
0.9486676454544067 0
0.9419280886650085 0
0.942907989025116 0
0.9515472650527954 0
0.9311851263046265 0
0.9615250825881958 0
0.9045082330703735 0
0.9287355542182922 0
0.93916255235672 0
0.9798771739006042 0
0.9517327547073364 0
0.9797918200492859 0
0.9595515131950378 0
0.9681357145309448 0
0.9682237505912781 0
0.9770734906196594 0
0.9813722372055054 0
0.9220069646835327 0
0.9688353538513184 0
0.9655405282974243 0
0.9162331223487854 0
0.9594368934631348 0
0.9670135974884033 0
0.9817978143692017 0
0.9715843796730042 0
0.9755818843841553 0
0.9580510258674622 0
0.8878907561302185 0
0.9619499444961548 0
0.9493715763092041 0
0.9473075866699219 0
0.9555337429046631 0
0.9417393803596497 0
0.8892691731452942 0
0.9700580835342407 0
0.9540725350379944 0
0.6771504282951355 0
0.7069255709648132 0
0.5526989102363586 0
0.7696802616119385 0
0.6113381385803223 0
0.7101376056671143 0
0.4510084092617035 0
0.5426076650619507 0
0.6451027393341064 0
0.8184468746185303 0
0.8658234477043152 0
0.8909932374954224 0
0.8292608857154846 0
0.8243607878684998 0
0.8558686375617981 0
0.25769996643066406 0
0.2886711359024048 0
0.1984289288520813 0
0.26024219393730164 0
0.3960537612438202 0
0.2785368263721466 0
0.41429510712623596 0
0.28867366909980774 0
0.30740609765052795 0
0.24707983434200287 0
0.3041388988494873 0
0.2613338232040405 0
0.2720961570739746 0
0.3508938252925873 0
0.8155607581138611 0
0.8426533341407776 0
0.8303064703941345 0
0.7290652394294739 0
0.8418681621551514 0
0.8198484182357788 0
0.8606255650520325 0
0.7853872179985046 0
0.8004030585289001 0
0.8360662460327148 0
0.8020113110542297 0
0.8244182467460632 0
0.8172799348831177 0
0.812308669090271 0
0.8286078572273254 0
0.8408403396606445 0
0.8157357573509216 0
0.7763370275497437 0
0.8055486083030701 0
0.7322776913642883 0
0.8788824677467346 0
0.9277324080467224 0
0.8153390884399414 0
0.8251456022262573 0
0.8235726356506348 0
0.8559480905532837 0
0.8571280837059021 0
0.8771659135818481 0
0.7842383980751038 0
0.9275320172309875 0
0.8644139766693115 0
0.9331446290016174 0
0.9417361617088318 0
0.9062452912330627 0
0.9353979229927063 0
0.9204303026199341 0
0.9161161184310913 0
0.8636205792427063 0
0.9251877069473267 0
0.8711600303649902 0
0.8843205571174622 0
0.8485856056213379 0
0.9016870856285095 0
0.9659215807914734 0
0.9295556545257568 0
0.9847163558006287 0
0.9321630597114563 0
0.9701895713806152 0
0.9747686982154846 0
0.9451499581336975 0
0.9199908375740051 0
0.9591803550720215 0
0.9074597954750061 0
0.9747889637947083 0
0.9743207097053528 0
0.9487324357032776 0
0.9750503897666931 0
0.9561654925346375 0
0.9666911959648132 0
0.970461905002594 0
0.9595509767532349 0
0.9267613887786865 0
0.9781288504600525 0
0.9284819960594177 0
0.9574563503265381 0
0.9740610122680664 0
0.8463724255561829 0
0.9739229083061218 0
0.9460852742195129 0
0.8573336005210876 0
0.9319038987159729 0
0.961510419845581 0
0.9662298560142517 0
0.9610396027565002 0
0.9793088436126709 0
0.9621583819389343 0
0.9789864420890808 0
0.9526057243347168 0
0.9778226017951965 0
0.9744745492935181 0
0.9740720987319946 0
0.9577192664146423 0
0.9761351346969604 0
0.9699966907501221 0
0.9388737082481384 0
0.8759728670120239 0
0.906546950340271 0
0.9473330974578857 0
0.9355887174606323 0
0.9324718117713928 0
0.9829337000846863 0
0.9710133671760559 0
0.9522701501846313 0
0.9223670363426208 0
0.936499297618866 0
0.924041211605072 0
0.966421365737915 0
0.9663094282150269 0
0.9565802812576294 0
0.9712432622909546 0
0.9466485977172852 0
0.9437776803970337 0
0.9731142520904541 0
0.9548880457878113 0
0.9664138555526733 0
0.9692635536193848 0
0.9690618515014648 0
0.9763683080673218 0
0.8588815331459045 0
0.9712571501731873 0
0.9737957119941711 0
0.9645817875862122 0
0.9650236964225769 0
0.8969080448150635 0
0.9288130402565002 0
0.992084264755249 1
0.9884442090988159 1
0.9898553490638733 1
0.9748892188072205 1
0.9888055324554443 1
0.9848499894142151 1
0.9952904582023621 1
0.9850649237632751 1
0.9870882034301758 1
0.9867055416107178 1
0.9836992621421814 1
0.9732531905174255 1
0.9858629703521729 1
0.9880751371383667 1
0.9769943356513977 1
0.992378294467926 1
0.9873530864715576 1
0.9865192770957947 1
0.9522461891174316 1
0.9836353659629822 1
0.9945380687713623 1
0.9754491448402405 1
0.9942368865013123 1
0.9913336634635925 1
0.9917572736740112 1
0.979421854019165 1
0.987880527973175 1
0.9931531548500061 1
0.9958664178848267 1
0.9903828501701355 1
0.9837408065795898 1
0.9783334136009216 1
0.9842457175254822 1
0.983680784702301 1
0.9735443592071533 1
0.9780732989311218 1
0.9743102192878723 1
0.9907383918762207 1
0.9781847596168518 1
0.9929550290107727 1
0.9826359152793884 1
0.9838740229606628 1
0.503790020942688 0
0.3432062566280365 0
0.6615503430366516 0
0.4881592392921448 0
0.7171786427497864 0
0.8103053569793701 0
0.7581334710121155 0
0.48472362756729126 0
0.7689732313156128 0
0.7792078852653503 0
0.769171416759491 0
0.8186725974082947 0
0.8046872019767761 0
0.7133785486221313 0
0.8430546522140503 0
0.1884090155363083 0
0.2340967208147049 0
0.16991035640239716 0
0.07792441546916962 0
0.24908719956874847 0
0.1739126592874527 0
0.19161882996559143 0
0.2491806447505951 0
0.23155079782009125 0
0.13067789375782013 0
0.1462637186050415 0
0.041456203907728195 0
0.3065013289451599 0
0.10680637508630753 0
0.9528982639312744 0
0.8993673920631409 0
0.9336667060852051 0
0.9406490325927734 0
0.8980219960212708 0
0.9403417706489563 0
0.9001290202140808 0
0.9001604914665222 0
0.9086906313896179 0
0.8846636414527893 0
0.9055191874504089 0
0.947918176651001 0
0.8852812647819519 0
0.8805205225944519 0
0.9579083919525146 0
0.8800854086875916 0
0.9121986031532288 0
0.9086959958076477 0
0.9576698541641235 0
0.9168291091918945 0
0.9140409827232361 0
0.947572648525238 0
0.9261654019355774 0
0.8896120190620422 0
0.9581963419914246 0
0.9134734869003296 0
0.9564502835273743 0
0.9143279194831848 0
0.9525340795516968 0
0.9379717111587524 0
0.907697319984436 0
0.9202258586883545 0
0.8416927456855774 0
0.9038310050964355 0
0.9227278828620911 0
0.9273327589035034 0
0.905108630657196 0
0.8793770670890808 0
0.906853973865509 0
0.946601390838623 0
0.9291372299194336 0
0.9155464768409729 0
0.946431577205658 0
0.9393267631530762 0
0.9213097095489502 0
0.9684616923332214 0
0.959147036075592 0
0.9782198071479797 0
0.9337170124053955 0
0.9831765294075012 0
0.9682461023330688 0
0.9354968070983887 0
0.978219747543335 0
0.9730187058448792 0
0.9623358845710754 0
0.9777060151100159 0
0.9661176204681396 0
0.9598239064216614 0
0.9550253748893738 0
0.9699284434318542 0
0.9289482831954956 0
0.9511514902114868 0
0.9396528601646423 0
0.9860712885856628 0
0.9725049138069153 0
0.9769736528396606 0
0.9830113053321838 0
0.9652312994003296 0
0.9786286354064941 0
0.9593141674995422 0
0.9475260376930237 0
0.9362189769744873 0
0.8912472724914551 0
0.939324140548706 0
0.9605805277824402 0
0.9064277410507202 0
0.9740521907806396 0
0.9778409600257874 0
0.9549161791801453 0
0.9889488220214844 0
0.9692398309707642 0
0.9563236236572266 0
0.9571926593780518 0
0.9567768573760986 0
0.8979277610778809 0
0.8637806177139282 0
0.8840067982673645 0
0.9571925401687622 0
0.947632908821106 0
0.963875949382782 0
0.9899991750717163 0
0.923902153968811 0
0.964114785194397 0
0.9530283808708191 0
0.9402428269386292 0
0.9527913331985474 0
0.9408749341964722 0
0.9621644616127014 0
0.9747013449668884 0
0.9623554348945618 0
0.9452604651451111 0
0.9618068337440491 0
0.9361239075660706 0
0.9610312581062317 0
0.9217539429664612 0
0.9635469913482666 0
0.967345118522644 0
0.9846756458282471 0
0.9726724028587341 0
0.9505392909049988 0
0.9063418507575989 0
0.928523063659668 0
0.9312978386878967 0
0.9415560960769653 0
0.9821268320083618 1
0.9824081659317017 1
0.9585517048835754 1
0.9931620955467224 1
0.9930476546287537 1
0.9769466519355774 1
0.9929888844490051 1
0.9921265840530396 1
0.9934136867523193 1
0.9896208047866821 1
0.9884617924690247 1
0.992163360118866 1
0.9763028025627136 1
0.9910494685173035 1
0.9749776721000671 1
0.9882190227508545 1
0.9893603324890137 1
0.9941568970680237 1
0.9963187575340271 1
0.9968928098678589 1
0.9788994789123535 1
0.9907430410385132 1
0.994152843952179 1
0.993158221244812 1
0.9908201694488525 1
0.9929765462875366 1
0.9958162903785706 1
0.9962040781974792 1
0.9918000102043152 1
0.977397620677948 1
0.9999998807907104 1
0.9826816916465759 1
0.9892896413803101 1
0.9774400591850281 1
0.9948481321334839 1
0.9808621406555176 1
0.9863083362579346 1
0.9776062369346619 1
0.9876083135604858 1
0.9918584227561951 1
0.9877417087554932 1
0.986009955406189 1
0.9855515360832214 1
0.551164448261261 0
0.5258508920669556 0
0.7511765956878662 0
0.7367551922798157 0
0.6243019104003906 0
0.8982750773429871 0
0.7156803011894226 0
0.6643104553222656 0
0.37402552366256714 0
0.8149327635765076 0
0.8883102536201477 0
0.819807231426239 0
0.7810156941413879 0
0.7838573455810547 0
0.19833005964756012 0
0.1906447410583496 0
0.17680427432060242 0
0.08550523966550827 0
0.1583632528781891 0
0.10840155929327011 0
0.07803355157375336 0
0.17031222581863403 0
0.17569613456726074 0
0.15998409688472748 0
0.15281160175800323 0
0.3419031500816345 0
0.39329609274864197 0
0.16934522986412048 0
0.17539988458156586 0
0.9314626455307007 0
0.9094517230987549 0
0.9480517506599426 0
0.9054880738258362 0
0.9403396248817444 0
0.9195802211761475 0
0.8973938226699829 0
0.9411993026733398 0
0.9444378614425659 0
0.9602112174034119 0
0.9463678598403931 0
0.9479531049728394 0
0.9100310206413269 0
0.9239599108695984 0
0.9082351922988892 0
0.9787055253982544 0
0.925473153591156 0
0.9459794759750366 0
0.9506951570510864 0
0.9354115724563599 0
0.9564312696456909 0
0.9576727151870728 0
0.9261273145675659 0
0.9106307029724121 0
0.9001762270927429 0
0.9282357692718506 0
0.9549699425697327 0
0.9201300144195557 0
0.9232892394065857 0
0.9159920811653137 0
0.9229946136474609 0
0.9674203991889954 0
0.9602004885673523 0
0.8614346981048584 0
0.8993422389030457 0
0.8801500797271729 0
0.8914834856987 0
0.8927102088928223 0
0.9335035085678101 0
0.9175100326538086 0
0.9085208177566528 0
0.9671932458877563 0
0.9356275200843811 0
0.9277074337005615 0
0.8849995136260986 0
0.9710021018981934 0
0.9727473855018616 0
0.9060097336769104 0
0.9577903747558594 0
0.9614149928092957 0
0.9382212162017822 0
0.972571074962616 0
0.9481166005134583 0
0.9685521125793457 0
0.9886530041694641 0
0.95879065990448 0
0.9742814898490906 0
0.9479365348815918 0
0.9455896019935608 0
0.9417334794998169 0
0.9460460543632507 0
0.9665488004684448 0
0.9715486168861389 0
0.9346758127212524 0
0.946641206741333 0
0.9712519645690918 0
0.9767574071884155 0
0.955380380153656 0
0.9580503702163696 0
0.9276055693626404 0
0.9036659598350525 0
0.9789242744445801 0
0.8955171704292297 0
0.9481016993522644 0
0.9434890151023865 0
0.9589691162109375 0
0.9488832950592041 0
0.9212058186531067 0
0.9650084376335144 0
0.9634999632835388 0
0.9799849987030029 0
0.812018096446991 0
0.7638006806373596 0
0.6677717566490173 0
0.71849524974823 0
0.6695879697799683 0
0.5640496611595154 0
0.5950286388397217 0
0.550696074962616 0
0.4174481928348541 0
0.8581165075302124 0
0.5125325322151184 0
0.6175567507743835 0
0.6220081448554993 0
0.6878604292869568 0
0.6132709383964539 0
0.3855327069759369 0
0.5003834962844849 0
0.40874460339546204 0
0.48923778533935547 0
0.6070859432220459 0
0.49644580483436584 0
0.4719434678554535 0
0.3812151551246643 0
0.5844654440879822 0
0.6875184774398804 0
0.7588596343994141 0
0.5229750871658325 0
0.7331829071044922 0
0.4162410795688629 0
0.6953244805335999 0
0.6266437768936157 0
0.5677191615104675 0
0.7698604464530945 0
0.6727650165557861 0
0.7372540831565857 0
0.4712984263896942 0
0.7833146452903748 0
0.7743319272994995 0
0.47916731238365173 0
0.7617823481559753 0
0.6050776243209839 0
0.6103367209434509 0
0.7169486284255981 0
0.5080556273460388 0
0.6006084084510803 0
0.7425281405448914 0
0.759406328201294 0
0.6203290820121765 0
0.47168847918510437 0
0.6730186343193054 0
0.7373067140579224 0
0.4933362901210785 0
0.6878787279129028 0
0.654827356338501 0
0.7526066899299622 0
0.7791584730148315 0
0.7512851357460022 0
0.8881212472915649 0
0.6316565275192261 0
0.6068401336669922 0
0.7395399212837219 0
0.576334536075592 0
0.5966148376464844 0
0.3269454538822174 0
0.7479193806648254 0
0.8044825196266174 0
0.6402648687362671 0
0.7179797291755676 0
0.6798630356788635 0
0.5619810223579407 0
0.8046972751617432 0
0.7159094214439392 0
0.623687744140625 0
0.4266200065612793 0
0.6439670324325562 0
0.5113623142242432 0
0.810530424118042 1
0.9251537919044495 1
0.9604171514511108 1
0.9346831440925598 1
0.9813978672027588 1
0.9634410738945007 1
0.8761341571807861 1
0.9551267027854919 1
0.9822545647621155 1
0.9563685059547424 1
0.8623168468475342 1
0.7867730855941772 1
0.6866918206214905 1
0.9830931425094604 1
0.575981855392456 1
0.5149053931236267 1
0.4111119210720062 1
0.401205837726593 1
0.48224833607673645 1
0.4105195999145508 1
0.5435889363288879 1
0.3984083831310272 1
0.4764450490474701 1
0.3625223934650421 1
0.4265456199645996 1
0.4337313771247864 1
0.43875664472579956 1
0.5170711278915405 1
0.4934470057487488 1
0.6953763365745544 0
0.5830556750297546 0
0.8007301688194275 0
0.8405944108963013 0
0.7475151419639587 0
0.6286438703536987 0
0.7012511491775513 0
0.684619128704071 0
0.7616285085678101 0
0.717418372631073 0
0.7153598666191101 0
0.6364831924438477 0
0.679710865020752 0
0.6483540534973145 0
0.7543124556541443 0
0.6399482488632202 0
0.6643565893173218 0
0.7453349828720093 0
0.7350850701332092 0
0.6013138890266418 0
0.7552705407142639 0
0.5678484439849854 0
0.5936433672904968 0
0.27082109451293945 0
0.8328631520271301 0
0.6061351895332336 0
0.7847256064414978 0
0.30135995149612427 0
0.721581757068634 0
0.5010185837745667 0
0.5813141465187073 0
0.6848205327987671 0
0.6775081157684326 0
0.6662497520446777 0
0.675336480140686 0
0.6710599064826965 0
0.47967490553855896 0
0.750015139579773 0
0.7041385173797607 0
0.8234103322029114 0
0.760796844959259 0
0.01865186169743538 0
0.19541865587234497 0
0.19652490317821503 0
0.28492802381515503 0
0.27411961555480957 0
0.15081067383289337 0
0.29240483045578003 0
0.20152433216571808 0
0.267285019159317 0
0.19472888112068176 0
0.1635141223669052 0
0.2867922782897949 0
0.24230536818504333 0
0.11401306092739105 0
0.3404044806957245 0
0.22309768199920654 0
0.23377229273319244 0
0.1841987818479538 0
0.29391399025917053 0
0.26811277866363525 0
0.2026580572128296 0
0.292131632566452 0
0.1285189539194107 0
0.12939229607582092 0
0.188187375664711 0
0.15594592690467834 0
0.16841980814933777 0
0.21027281880378723 0
0.24230560660362244 0
0.23781071603298187 0
0.23602542281150818 0
0.17450150847434998 0
0.2622116804122925 0
0.19728414714336395 0
0.1934262067079544 0
0.26788410544395447 0
0.320575475692749 0
0.24280406534671783 0
0.13621558248996735 0
0.12029026448726654 0
0.13877448439598083 0
0.25319087505340576 0
0.2443702220916748 0
0.349361777305603 0
0.3554322421550751 0
0.22326292097568512 0
0.30538228154182434 0
0.39545533061027527 0
0.16365449130535126 0
0.30616796016693115 0
0.26897746324539185 0
0.17715883255004883 0
0.11043202877044678 0
0.22698386013507843 0
0.22066177427768707 0
0.17351409792900085 0
0.10504162311553955 0
0.2809136211872101 0
0.34134677052497864 0
0.29074159264564514 0
0.22249382734298706 0
0.1802818477153778 0
0.30387648940086365 0
0.30556872487068176 0
0.17194388806819916 0
0.17001809179782867 0
0.33142444491386414 0
0.43061012029647827 0
0.3518231511116028 0
0.25913575291633606 0
0.41145139932632446 0
0.3097996413707733 0
0.2375394105911255 0
0.06966801732778549 0
0.14446191489696503 0
0.2610400319099426 0
0.11611632257699966 0
0.1695398986339569 0
0.22027891874313354 0
0.24200007319450378 0
0.09954745322465897 0
0.2349805384874344 0
0.2244291752576828 0
0.2603241503238678 0
0.2018977254629135 0
0.05227292701601982 0
0.18340547382831573 0
0.1837475299835205 0
0.08395713567733765 0
0.2446613609790802 0
0.1287381500005722 0
0.2118847519159317 0
0.17103815078735352 0
0.13496777415275574 0
0.16724669933319092 0
0.12078890204429626 0
0.18533311784267426 0
0.24278141558170319 0
0.09848006814718246 0
0.13162338733673096 0
0.20201392471790314 0
0.1763594150543213 0
0.18056756258010864 0
0.10111640393733978 0
0.33086180686950684 0
0.24987685680389404 0
0.2566854953765869 0
0.19492924213409424 0
0.19016258418560028 0
0.1374526172876358 0
0.12347836792469025 0
0.39301028847694397 0
0.0646173432469368 0
0.22224728763103485 0
0.08877427130937576 0
0.4179018437862396 1
0.40965595841407776 1
0.47295284271240234 1
0.47669216990470886 1
0.45075270533561707 1
0.3768146336078644 1
0.5252002477645874 1
0.5664326548576355 1
0.46536368131637573 1
0.5543191432952881 1
0.46822237968444824 1
0.40511181950569153 1
0.4852745234966278 1
0.4399062395095825 1
0.5308700203895569 1
0.9591918587684631 1
0.9695039391517639 1
0.9896253347396851 1
0.9205245971679688 1
0.9895409941673279 1
0.9754450917243958 1
0.9819694757461548 1
0.9915637373924255 1
0.8761241436004639 1
0.9461427330970764 1
0.9901694655418396 1
0.9605690836906433 1
0.9702367186546326 1
0.9931557178497314 1
0.1546134352684021 0
