0.9691159725189209 1
0.984782874584198 1
0.9834221005439758 1
0.9806140661239624 1
0.9565039277076721 1
0.9455294609069824 1
0.9724172353744507 1
0.9429132342338562 1
0.988694429397583 1
0.9672920107841492 1
0.9372512698173523 1
0.9801800847053528 1
0.9795651435852051 1
0.9265033602714539 1
0.9696618914604187 1
0.9503762125968933 1
0.9775468111038208 1
0.9641392230987549 1
0.9667165279388428 1
0.9491152763366699 1
0.9571237564086914 1
0.9607158899307251 1
0.9824711084365845 1
0.976626455783844 1
0.9780240058898926 1
0.9880886077880859 1
0.9781897068023682 1
0.9502936601638794 1
0.9534843564033508 1
0.9460548162460327 1
0.9759045839309692 1
0.9783870577812195 1
0.9795466661453247 1
0.9910644292831421 1
0.9439151883125305 1
0.9827160239219666 1
0.9891124367713928 1
0.9836214184761047 1
0.9850688576698303 1
0.930121660232544 1
0.9703795313835144 1
0.9902870059013367 1
0.6629102230072021 0
0.6320496797561646 0
0.8114686012268066 0
0.7678886651992798 0
0.7331290245056152 0
0.7146815061569214 0
0.7501035928726196 0
0.8760164976119995 0
0.7739531993865967 0
0.8551931977272034 0
0.6855629682540894 0
0.8410210013389587 0
0.8451656699180603 0
0.8122714161872864 0
0.8929519653320312 0
0.7921368479728699 0
0.7322365641593933 0
0.8548219799995422 0
0.8387037515640259 0
0.7976157665252686 0
0.7654134035110474 0
0.910947322845459 0
0.733431339263916 0
0.67510986328125 0
0.7264724373817444 0
0.7679829597473145 0
0.7022436857223511 0
0.7677860856056213 0
0.7835363149642944 0
0.8363964557647705 0
0.6665706038475037 0
0.8801772594451904 0
0.7556832432746887 0
0.8391910791397095 0
0.7419582009315491 0
0.7850784659385681 0
0.7608129978179932 0
0.8297471404075623 0
0.9138181209564209 0
0.6383697986602783 0
0.774596631526947 0
0.7008320093154907 0
0.7693522572517395 0
0.6704687476158142 0
0.8155425190925598 0
0.75974041223526 0
0.8186649680137634 0
0.8073939681053162 0
0.8307293653488159 0
0.8134735822677612 0
0.7819706797599792 0
0.7572153806686401 0
0.749126136302948 0
0.7849856615066528 0
0.8638890981674194 0
0.9031596779823303 0
0.7827284336090088 0
0.7848584651947021 0
0.7875149846076965 0
0.7560501098632812 0
0.7492796778678894 0
0.8190613985061646 0
0.7615299820899963 0
0.8779764175415039 0
0.8608505129814148 0
0.7931766510009766 0
0.8387331366539001 0
0.8483551740646362 0
0.8224138021469116 0
0.8350657224655151 0
0.7266601920127869 0
0.8210277557373047 0
0.8449957966804504 0
0.863232433795929 0
0.8567092418670654 0
0.8609455823898315 0
0.8130746483802795 0
0.8322716355323792 0
0.8169869780540466 0
0.8178090453147888 0
0.8989088535308838 0
0.9110520482063293 0
0.8882520794868469 0
0.8547265529632568 0
0.8394201397895813 0
0.853094756603241 0
0.8923169374465942 0
0.8884791135787964 0
0.8685708045959473 0
0.8933398723602295 0
0.8878337144851685 0
0.8473185300827026 0
0.8700975179672241 0
0.8706535696983337 0
0.846875011920929 0
0.941720187664032 0
0.8771361708641052 0
0.8957194685935974 0
0.8824788928031921 0
0.8583373427391052 0
0.9092232584953308 0
0.8528639078140259 0
0.8884807825088501 0
0.9094151854515076 0
0.871881365776062 0
0.9282382130622864 0
0.8894674777984619 0
0.8600784540176392 0
0.8153820633888245 0
0.8035851716995239 0
0.90574049949646 0
0.8700951933860779 0
0.8562501668930054 0
0.949839174747467 0
0.222677543759346 0
0.209591805934906 0
0.1949916034936905 0
0.2026502937078476 0
0.09123284369707108 0
0.16609598696231842 0
0.04118793457746506 0
0.07918708771467209 0
0.10011598467826843 0
0.23534618318080902 0
0.3335549235343933 0
0.3368816673755646 0
0.3549101948738098 0
0.3615937829017639 0
0.27073100209236145 0
0.022475343197584152 0
0.015179512090981007 0
-0.017553159967064857 0
0.028982479125261307 0
0.06448138505220413 0
0.028166431933641434 0
0.04047342389822006 0
0.009229619987308979 0
0.04932565242052078 0
0.059578150510787964 0
-0.004958705976605415 0
-0.06727339327335358 0
0.0033943147864192724 0
0.04050884023308754 0
0.9889345169067383 1
0.9841727018356323 1
0.9668219685554504 1
0.9793952107429504 1
0.975878119468689 1
0.9534607529640198 1
0.9745181798934937 1
0.9124563336372375 1
0.9765459299087524 1
0.9850494265556335 1
0.956442654132843 1
0.9811105132102966 1
0.9919617772102356 1
0.9888312220573425 1
0.9802756309509277 1
0.9763118028640747 1
0.9454337358474731 1
0.9814727306365967 1
0.9443663358688354 1
0.9466549158096313 1
0.9473655223846436 1
0.9849122166633606 1
0.9691107273101807 1
0.9753197431564331 1
0.9722886085510254 1
0.9915753602981567 1
0.9498553276062012 1
0.9839240312576294 1
0.9582697749137878 1
0.9295275807380676 1
0.9501113295555115 1
0.9133875370025635 1
0.9732202887535095 1
0.9807621240615845 1
0.9651013612747192 1
0.9623604416847229 1
0.9816218614578247 1
0.9918426871299744 1
0.9825651049613953 1
0.9776098728179932 1
0.9664929509162903 1
0.9345499277114868 1
0.9678535461425781 1
0.7833461761474609 0
0.6340119242668152 0
0.8610264658927917 0
0.7939958572387695 0
0.7975084781646729 0
0.8785656094551086 0
0.7221655249595642 0
0.6488039493560791 0
0.8001812100410461 0
0.7165858745574951 0
0.7899355888366699 0
0.844536542892456 0
0.7183133363723755 0
0.880124568939209 0
0.8308066129684448 0
0.8003926873207092 0
0.8769882917404175 0
0.8262628316879272 0
0.7025548219680786 0
0.7854330539703369 0
0.7859642505645752 0
0.7895393371582031 0
0.8206117749214172 0
0.6460751891136169 0
0.8806222081184387 0
0.709333062171936 0
0.4630720317363739 0
0.7930333018302917 0
0.7947884202003479 0
0.7599524855613708 0
0.7005329132080078 0
0.8007915616035461 0
0.8297548294067383 0
0.8754533529281616 0
0.8303859829902649 0
0.8919652700424194 0
0.8311285972595215 0
0.8226288557052612 0
0.8404284715652466 0
0.84074866771698 0
0.8226961493492126 0
0.802798867225647 0
0.6778218150138855 0
0.7158381342887878 0
0.8426178693771362 0
0.73094242811203 0
0.8112468719482422 0
0.7961868047714233 0
0.8029162883758545 0
0.7602850198745728 0
0.7270886898040771 0
0.7251735329627991 0
0.704011082649231 0
0.8004166483879089 0
0.764625608921051 0
0.7876953482627869 0
0.840537965297699 0
0.8622536063194275 0
0.8207482099533081 0
0.7842200398445129 0
0.8811430335044861 0
0.8074967265129089 0
0.8433955907821655 0
0.799597978591919 0
0.7745711803436279 0
0.7402715682983398 0
0.8106523156166077 0
0.8846423029899597 0
0.8128323554992676 0
0.7947536706924438 0
0.7717258930206299 0
0.7743510007858276 0
0.8551365733146667 0
0.9024973511695862 0
0.8236950635910034 0
0.9138453006744385 0
0.8861600160598755 0
0.9022952318191528 0
0.8782361745834351 0
0.8989837169647217 0
0.8848191499710083 0
0.8994824290275574 0
0.8684839010238647 0
0.7785900235176086 0
0.9179370403289795 0
0.8699116110801697 0
0.8857044577598572 0
0.8678644895553589 0
0.8271001577377319 0
0.8951798677444458 0
0.794735848903656 0
0.8598085641860962 0
0.9005498290061951 0
0.90595543384552 0
0.901187539100647 0
0.9086152911186218 0
0.8462584018707275 0
0.8929866552352905 0
0.9160583019256592 0
0.9026919007301331 0
0.8939390778541565 0
0.8728806376457214 0
0.9084751605987549 0
0.8458665609359741 0
0.8852587938308716 0
0.8625932931900024 0
0.890156090259552 0
0.8751592636108398 0
0.8508974313735962 0
0.8330581188201904 0
0.8363286852836609 0
0.8736194372177124 0
0.952593207359314 0
0.8940807580947876 0
0.10530771315097809 0
0.1381159871816635 0
0.21520259976387024 0
0.11297085881233215 0
0.20586884021759033 0
0.2924158573150635 0
0.3054928183555603 0
0.19566716253757477 0
0.3982561230659485 0
0.29460257291793823 0
0.2880912721157074 0
0.3867417573928833 0
0.3895008862018585 0
0.25829625129699707 0
0.33432796597480774 0
0.050196580588817596 0
0.046358995139598846 0
0.006797379348427057 0
-0.05526857450604439 0
0.05893737077713013 0
0.016434120014309883 0
-0.005572300869971514 0
0.0402878113090992 0
0.010407798923552036 0
-0.04514646530151367 0
0.002381117083132267 0
-0.140864759683609 0
0.075719453394413 0
-0.06753744930028915 0
0.9530993103981018 1
0.9676734805107117 1
0.9785504937171936 1
0.9596243500709534 1
0.9480812549591064 1
0.8929546475410461 1
0.9525676965713501 1
0.9288341999053955 1
0.9558795094490051 1
0.9865491986274719 1
0.9736574292182922 1
0.9655625820159912 1
0.96735680103302 1
0.987821102142334 1
0.9579930901527405 1
0.9613398909568787 1
0.9675034284591675 1
0.9893274307250977 1
0.9703560471534729 1
0.9815431237220764 1
0.9869847297668457 1
0.9662424325942993 1
0.9729623198509216 1
0.9531155228614807 1
0.9397740960121155 1
0.9593296051025391 1
0.9679172039031982 1
0.9782783389091492 1
0.958273708820343 1
0.977952778339386 1
0.9713192582130432 1
0.9541857838630676 1
0.9653237462043762 1
0.9647700786590576 1
0.9649605751037598 1
0.9672101736068726 1
0.9588961601257324 1
0.9739408493041992 1
0.9880422949790955 1
0.9687355160713196 1
0.9821419715881348 1
0.9582511782646179 1
0.7670363187789917 0
0.7331477999687195 0
0.5885923504829407 0
0.8392688632011414 0
0.7904520630836487 0
0.893949031829834 0
0.7108801007270813 0
0.8549830913543701 0
0.7887390851974487 0
0.7553504109382629 0
0.9769878387451172 1
0.9625871777534485 1
0.9196165204048157 1
0.8948501944541931 1
0.983771562576294 1
0.8782967329025269 1
0.9607679843902588 1
0.930617094039917 1
0.9404862523078918 1
0.9630686640739441 1
0.9495682716369629 1
0.9491507411003113 1
0.9651944041252136 1
0.9597207903862 1
0.8149032592773438 1
0.8034678101539612 1
0.8991065621376038 1
0.8991017937660217 1
0.9206628799438477 1
0.8714845776557922 1
0.9368214011192322 1
0.958677351474762 1
0.9176950454711914 1
0.932641863822937 1
0.9550025463104248 1
0.961821973323822 1
0.9665247201919556 1
0.9713078141212463 1
0.8748931884765625 1
0.9482191205024719 1
0.9672480225563049 1
0.9446947574615479 1
0.8912997245788574 0
0.8115875124931335 0
0.8691026568412781 0
0.9137739539146423 0
0.922423779964447 0
0.8680422306060791 0
0.7590365409851074 0
0.8732154369354248 0
0.9086042046546936 0
0.8818381428718567 0
0.8607556819915771 0
0.885847806930542 0
0.7784525752067566 0
0.8399842977523804 0
0.8547481894493103 0
0.8305312395095825 0
0.9031149744987488 0
0.9076458215713501 0
0.8450183272361755 0
0.9186795949935913 0
0.8127791285514832 0
0.7362102270126343 0
0.8916504979133606 0
0.8452447056770325 0
0.8860876560211182 0
0.8103321194648743 0
0.8512965440750122 0
0.8517836332321167 0
0.8554184436798096 0
0.8023570775985718 0
0.9625915288925171 0
0.9276299476623535 0
0.8771951794624329 0
0.9401007294654846 0
0.8561838269233704 0
0.8992143273353577 0
0.9274333715438843 0
0.8913108706474304 0
0.9307299256324768 0
0.9578173756599426 0
0.9479211568832397 0
0.9121295809745789 0
0.9188942313194275 0
0.8293604254722595 0
0.8630008101463318 0
0.9623964428901672 0
0.9242604970932007 0
0.8066890239715576 0
0.9505652785301208 0
0.9481701254844666 0
0.9486724734306335 0
0.9005193114280701 0
0.8746159672737122 0
0.9644272923469543 0
0.898867130279541 0
0.9081054925918579 0
0.8955854773521423 0
0.924349308013916 0
0.925644040107727 0
0.8010597229003906 0
0.8079409599304199 0
0.9590710401535034 0
0.8739761710166931 0
0.904571533203125 0
0.8824164867401123 0
0.9182695746421814 0
0.8760166764259338 0
0.8570302128791809 0
0.9601717591285706 0
0.9317542314529419 0
0.8844252228736877 0
0.9505344033241272 0
0.9368711709976196 0
0.40435606241226196 0
0.4414066672325134 0
0.5965120196342468 0
0.510017991065979 0
0.5144795179367065 0
0.575269877910614 0
0.47770535945892334 0
0.618195116519928 0
0.3792262673377991 0
0.5095207691192627 0
0.596717357635498 0
0.4075605273246765 0
0.46054235100746155 0
0.5021205544471741 0
0.10975861549377441 0
0.13635925948619843 0
0.144729346036911 0
0.08893794566392899 0
0.14349569380283356 0
0.14515353739261627 0
0.15610909461975098 0
0.08470378816127777 0
0.10830952227115631 0
0.09168392419815063 0
0.20871159434318542 0
0.2279108464717865 0
0.28084489703178406 0
0.15702016651630402 0
0.23040498793125153 0
0.7508764863014221 0
0.79984050989151 0
0.705946147441864 0
0.7748046517372131 0
0.7300944924354553 0
0.892622172832489 0
0.7963457107543945 0
0.8004480600357056 0
0.810935914516449 0
0.8561365008354187 0
0.7361329793930054 0
0.7885193228721619 0
0.6786274313926697 0
0.8763968348503113 0
0.7717450857162476 0
0.8400219082832336 0
0.8360523581504822 0
0.8482948541641235 0
0.874579131603241 0
0.7099010348320007 0
0.8105440139770508 0
0.805235743522644 0
0.8139669895172119 0
0.738586962223053 0
0.818915069103241 0
0.8303371667861938 0
0.8460756540298462 0
0.7214721441268921 0
0.8064953684806824 0
0.7304738163948059 0
0.7771379351615906 0
0.7673339247703552 0
0.8054197430610657 0
0.7398896217346191 0
0.6959783434867859 0
0.8467630743980408 0
0.7777956128120422 0
0.7053189873695374 0
0.792953372001648 0
0.7703749537467957 0
0.8006597757339478 0
0.7428051233291626 0
0.95906662940979 1
0.9078264832496643 1
0.8522694706916809 1
0.9656707644462585 1
0.9723969101905823 1
0.948432981967926 1
0.9708325862884521 1
0.9629339575767517 1
0.9613282680511475 1
0.9638773798942566 1
0.9546834826469421 1
0.9523608088493347 1
0.9618731141090393 1
0.9060521721839905 1
0.9394080638885498 1
0.9508981704711914 1
0.8943595290184021 1
0.969879150390625 1
0.8440016508102417 1
0.9812720417976379 1
0.9671586155891418 1
0.9531713128089905 1
0.9517101645469666 1
0.9621360898017883 1
0.9695953726768494 1
0.9307681918144226 1
0.8193943500518799 1
0.9544119834899902 1
0.8834165334701538 1
0.967951774597168 1
0.9217441082000732 1
0.9574429988861084 1
0.9419693350791931 1
0.958520770072937 1
0.9621912240982056 1
0.9478241205215454 1
0.9568248391151428 1
0.9344937205314636 1
0.9783004522323608 1
0.957694411277771 1
0.9588855504989624 1
0.9384573698043823 1
0.854943037033081 0
0.8241167068481445 0
0.8093752264976501 0
0.8958291411399841 0
0.8765361905097961 0
0.8513534665107727 0
0.8851689100265503 0
0.874682605266571 0
0.8766138553619385 0
0.8776973485946655 0
0.9143856763839722 0
0.8935275673866272 0
0.8671957850456238 0
0.865891695022583 0
0.9212470054626465 0
0.8716418147087097 0
0.8331689238548279 0
0.8564751148223877 0
0.8977572321891785 0
0.8440685272216797 0
0.9073185324668884 0
0.7307589054107666 0
0.9105290770530701 0
0.8324024677276611 0
0.8586108088493347 0
0.9002522826194763 0
0.8790996670722961 0
0.8685904145240784 0
0.8436398506164551 0
0.8732720017433167 0
0.934873640537262 0
0.9571678638458252 0
0.9231034517288208 0
0.8894687294960022 0
0.882804274559021 0
0.906653642654419 0
0.9445515871047974 0
0.9173296689987183 0
0.9205823540687561 0
0.9335572719573975 0
0.8864904642105103 0
0.8633061051368713 0
0.7777836918830872 0
0.8574087619781494 0
0.8303203582763672 0
0.9118454456329346 0
0.8944861888885498 0
0.9323484897613525 0
0.8551250696182251 0
0.8886910676956177 0
0.8950268626213074 0
0.650062084197998 0
0.9186509847640991 0
0.89338219165802 0
0.8576170802116394 0
0.844865620136261 0
0.847979724407196 0
0.9379086494445801 0
0.6919459104537964 0
0.8508490920066833 0
0.9591185450553894 0
0.8996029496192932 0
0.9261419177055359 0
0.8118751049041748 0
0.8910596370697021 0
0.7363733649253845 0
0.900050938129425 0
0.8339836597442627 0
0.8927105069160461 0
0.8780245780944824 0
0.8692848682403564 0
0.8984512090682983 0
0.8959471583366394 0
0.5245869755744934 0
0.6691892147064209 0
0.566218376159668 0
0.4291466176509857 0
0.3889909088611603 0
0.5066465139389038 0
0.3366798460483551 0
0.4386533796787262 0
0.5799768567085266 0
0.658677339553833 0
0.7270852327346802 0
0.6563760638237 0
0.6788541078567505 0
0.5510326623916626 0
0.13952112197875977 0
0.20702219009399414 0
0.13288305699825287 0
0.3562248647212982 0
0.23869167268276215 0
0.07956217229366302 0
0.23031173646450043 0
0.26088523864746094 0
0.18166053295135498 0
0.2305128127336502 0
0.2922022342681885 0
0.2420908659696579 0
0.18605270981788635 0
0.25457754731178284 0
0.21310849487781525 0
0.6472843289375305 0
0.7115585207939148 0
0.7015070915222168 0
0.7874930500984192 0
0.7490071058273315 0
0.7726239562034607 0
0.7565672993659973 0
0.764392614364624 0
0.7402837872505188 0
0.7877774238586426 0
0.833113968372345 0
0.5950999855995178 0
0.6700237989425659 0
0.7480148077011108 0
0.5739932060241699 0
0.8688101768493652 0
0.860267162322998 0
0.8358807563781738 0
0.8969131112098694 0
0.8537912368774414 0
0.880368709564209 0
0.8700752854347229 0
0.8778855800628662 0
0.7840824127197266 0
0.8263828158378601 0
0.7379045486450195 0
0.9418458342552185 0
0.6918526291847229 0
0.8302448987960815 0
0.7914063334465027 0
0.5315961241722107 0
0.8137305974960327 0
0.853463351726532 0
0.7250367403030396 0
0.8222578167915344 0
0.7515150904655457 0
0.8891865015029907 0
0.8566434979438782 0
0.8016219139099121 0
0.9154257774353027 0
0.7248861193656921 0
0.7577047944068909 0
0.8982405066490173 1
0.8355751037597656 1
0.9425541162490845 1
0.9699954390525818 1
0.9381882548332214 1
0.9640265703201294 1
0.9763070344924927 1
0.9196622967720032 1
0.9435940384864807 1
0.9680582284927368 1
0.9628175497055054 1
0.9718799591064453 1
0.9803770184516907 1
0.9401562809944153 1
0.9448698163032532 1
0.9554646015167236 1
0.8657248020172119 1
0.9499749541282654 1
0.9516458511352539 1
0.9263114929199219 1
0.9220477938652039 1
0.9720652103424072 1
0.9163995385169983 1
0.9519654512405396 1
0.9787685871124268 1
0.9700886607170105 1
0.9439778327941895 1
0.9558566212654114 1
0.9641852974891663 1
0.9566370844841003 1
0.963481068611145 1
0.8377059698104858 1
0.9455817937850952 1
0.9763066172599792 1
0.982744038105011 1
0.9332699179649353 1
0.9473969340324402 1
0.949502170085907 1
0.980646550655365 1
0.9482122659683228 1
0.8817502856254578 1
0.953999936580658 1
0.8320778012275696 0
0.7329646944999695 0
0.8587308526039124 0
0.8886196613311768 0
0.8563560843467712 0
0.821891188621521 0
0.8556591868400574 0
0.8423965573310852 0
0.8547977209091187 0
0.8650860786437988 0
0.8906165361404419 0
0.8453693389892578 0
0.8903958797454834 0
0.8693035244941711 0
0.9065342545509338 0
0.9771563410758972 1
0.9616336822509766 1
0.9416602253913879 1
0.9479962587356567 1
0.9412826299667358 1
0.9175384640693665 1
0.9270904064178467 1
0.8991518020629883 1
0.9766333699226379 1
0.9759271144866943 1
0.9477512240409851 1
0.9634274840354919 1
0.9258519411087036 1
0.9451741576194763 1
0.9663558006286621 1
0.7727449536323547 0
0.8501665592193604 0
0.8444018363952637 0
0.8600153923034668 0
0.8741726279258728 0
0.8840677738189697 0
0.8601323962211609 0
0.8458571434020996 0
0.8121954202651978 0
0.9192185401916504 0
0.9105873107910156 0
0.8974294662475586 0
0.9613462686538696 0
0.9670727849006653 0
0.9293444752693176 0
0.9078015089035034 0
0.9110097885131836 0
0.9099725484848022 0
0.908707857131958 0
0.927894115447998 0
0.9272168874740601 0
0.9322677850723267 0
0.8673722147941589 0
0.9085727334022522 0
0.9049577116966248 0
0.8483546376228333 0
0.8649816513061523 0
0.9347169995307922 0
0.8525448441505432 0
0.8429766297340393 0
0.9394731521606445 0
0.7841905951499939 0
0.9140796065330505 0
0.9462442398071289 0
0.917510449886322 0
0.9249035716056824 0
0.9571600556373596 0
0.9210853576660156 0
0.8872683048248291 0
0.8438971042633057 0
0.8731423616409302 0
0.8637261390686035 0
0.29494404792785645 0
0.2819325625896454 0
0.28727275133132935 0
0.2807460129261017 0
0.3573766052722931 0
0.2583950161933899 0
0.33988383412361145 0
0.36870718002319336 0
0.2703871428966522 0
0.30771952867507935 0
0.47514045238494873 0
0.4614301919937134 0
0.32610490918159485 0
0.5456362366676331 0
0.3541451096534729 0
-0.022046411409974098 0
0.13235816359519958 0
0.09839270263910294 0
0.03071717545390129 0
0.10356488823890686 0
-0.0020694981794804335 0
0.0566064789891243 0
0.08783790469169617 0
-0.0003943447663914412 0
0.19868117570877075 0
0.13887359201908112 0
0.09649772197008133 0
0.11903166025876999 0
0.08178296685218811 0
0.8717131614685059 0
0.7222893238067627 0
0.7678606510162354 0
0.7889057397842407 0
0.738825798034668 0
0.7981862425804138 0
0.7703834176063538 0
0.7686752676963806 0
0.874958336353302 0
0.8368707895278931 0
0.8043966293334961 0
0.837410032749176 0
0.796924889087677 0
0.8123374581336975 0
0.7950372695922852 0
0.797701895236969 0
0.8147450089454651 0
0.8480334877967834 0
0.8326359391212463 0
0.729883074760437 0
0.874604344367981 0
0.7599159479141235 0
0.7774971723556519 0
0.8474220037460327 0
0.7593690156936646 0
0.8035532236099243 0
0.8060855865478516 0
0.7716565132141113 0
0.7326571941375732 0
0.7932664155960083 0
0.8184102177619934 0
0.8440364003181458 0
0.7504185438156128 0
0.8252546191215515 0
0.8650921583175659 0
0.7909087538719177 0
0.7844595909118652 0
0.781089186668396 0
0.8162583112716675 0
0.8284754753112793 0
0.8685838580131531 0
0.7185316681861877 0
0.8796518445014954 0
0.7345224022865295 0
0.6886088252067566 0
0.8836314678192139 0
0.8171869516372681 0
0.8501789569854736 0
0.8003431558609009 0
0.861045777797699 0
0.8764448761940002 0
0.8899250030517578 0
0.8550439476966858 0
0.7390211224555969 0
0.8561824560165405 0
0.8773325085639954 0
0.8804243206977844 0
0.8998621106147766 0
0.9189282655715942 0
0.9031569361686707 0
0.8866183757781982 0
0.8960915207862854 0
0.8386315107345581 0
0.8764705061912537 0
0.855858325958252 0
0.8549994230270386 0
0.8374062776565552 0
0.8231212496757507 0
0.8824688792228699 0
0.8988029360771179 0
0.8164181709289551 0
0.8610883355140686 0
0.8312094807624817 0
0.8467153310775757 0
0.9042907953262329 0
0.8822600245475769 0
0.8908023834228516 0
0.8425079584121704 0
0.8487693667411804 0
0.8666142821311951 0
0.8917188048362732 0
0.9098775386810303 0
0.6860177516937256 0
0.8741324543952942 0
0.8898414373397827 0
0.9549726247787476 1
0.9225193858146667 1
0.9425315856933594 1
0.9389628171920776 1
0.973159670829773 1
0.9875852465629578 1
0.9812023043632507 1
0.9353500008583069 1
0.9639754295349121 1
0.9867329597473145 1
0.9587276577949524 1
0.9304364323616028 1
0.9256172776222229 1
0.9534661173820496 1
0.9698898196220398 1
0.980463445186615 1
0.9744261503219604 1
0.9621831774711609 1
0.9784790277481079 1
0.9743531346321106 1
0.9776703715324402 1
0.9729087948799133 1
0.9604362845420837 1
0.9736223816871643 1
0.9780088067054749 1
0.976959228515625 1
0.9678007960319519 1
0.9836381673812866 1
0.9344986081123352 1
0.9666315317153931 1
0.9110851287841797 0
0.8663290143013 0
0.927594780921936 0
0.9250199794769287 0
0.9186798930168152 0
0.9358596205711365 0
0.9071374535560608 0
0.9213420152664185 0
0.9333168268203735 0
0.9284024834632874 0
0.8607474565505981 0
0.9207608103752136 0
0.8612428307533264 0
0.881352961063385 0
0.8991010189056396 0
0.9366534948348999 0
0.9365696907043457 0
0.9355706572532654 0
0.925595760345459 0
0.9230514764785767 0
0.9354896545410156 0
0.9471725225448608 0
0.9767605662345886 0
0.9056128859519958 0
0.959132194519043 0
0.9372793436050415 0
0.900208055973053 0
0.9177078008651733 0
0.9204913973808289 0
0.9530667066574097 0
0.9528530240058899 0
0.9675533175468445 0
0.9282172322273254 0
0.8928274512290955 0
0.8735944032669067 0
0.8905783295631409 0
0.9154433608055115 0
0.9324908256530762 0
0.8706758618354797 0
0.8652087450027466 0
0.9411941170692444 0
0.9390736222267151 0
0.4062051773071289 0
0.3645282983779907 0
0.3049851953983307 0
0.4183131456375122 0
0.35675132274627686 0
0.32970473170280457 0
0.25778689980506897 0
0.255194753408432 0
0.3055669665336609 0
0.4215144217014313 0
0.4682175815105438 0
0.5015546083450317 0
0.4175153970718384 0
0.4029811918735504 0
0.3930947482585907 0
0.1222650334239006 0
0.10079819709062576 0
0.07116962969303131 0
0.12629228830337524 0
0.180094376206398 0
0.1662498116493225 0
0.1464127153158188 0
0.10731307417154312 0
0.13779014348983765 0
0.11623010039329529 0
0.121656134724617 0
0.05621980130672455 0
0.11544009298086166 0
0.14952968060970306 0
0.7770707011222839 0
0.7730087041854858 0
0.7660126686096191 0
0.6259627938270569 0
0.8254940509796143 0
0.7975018620491028 0
0.8293907642364502 0
0.7433252334594727 0
0.7925309538841248 0
0.7550697326660156 0
0.7984102964401245 0
0.8016030788421631 0
0.801768958568573 0
0.7878527641296387 0
0.851409375667572 0
0.8097017407417297 0
0.6894170045852661 0
0.7978112101554871 0
0.8039098978042603 0
0.7351627349853516 0
0.8504396677017212 0
0.9071153402328491 0
0.7900795340538025 0
0.8273146748542786 0
0.7918185591697693 0
0.7747162580490112 0
0.8538269996643066 0
0.8636191487312317 0
0.7040981650352478 0
0.8291200399398804 0
0.8271419405937195 0
0.8915510177612305 0
0.8969340920448303 0
0.8478916883468628 0
0.8984128832817078 0
0.8938791155815125 0
0.8486713767051697 0
0.817889928817749 0
0.9088106751441956 0
0.8250253200531006 0
0.8454962968826294 0
0.7695763111114502 0
0.9025014638900757 0
0.9067030549049377 0
0.8391296863555908 0
0.9636924862861633 0
0.9106141328811646 0
0.9578542113304138 0
0.9670435786247253 0
0.8886720538139343 0
0.8382860422134399 0
0.9337022304534912 0
0.8358170390129089 0
0.9270503520965576 0
0.9763884544372559 0
0.8711544871330261 0
0.9431843161582947 0
0.871001124382019 0
0.9458760619163513 0
0.9384812712669373 0
0.9332625865936279 0
0.7916920781135559 0
0.9202138781547546 0
0.8330479860305786 0
0.9188621044158936 0
0.9149029850959778 0
0.7076019048690796 0
0.9308682084083557 0
0.8971731662750244 0
0.6087756156921387 0
0.8567705750465393 0
0.898556113243103 0
0.8938148021697998 0
0.8872105479240417 0
0.9333151578903198 0
0.9027727842330933 0
0.9614758491516113 0
0.8912052512168884 0
0.9468563795089722 0
0.9438572525978088 0
0.9301051497459412 0
0.8915154337882996 0
0.9460610747337341 0
0.896594226360321 0
0.8955122232437134 0
0.8192551732063293 0
0.8823119401931763 0
0.9212002754211426 0
0.8708261251449585 0
0.9067365527153015 0
0.9500747323036194 0
0.9333249926567078 0
0.9304800033569336 0
0.8977415561676025 0
0.8770801424980164 0
0.9192260503768921 0
0.9116209745407104 0
0.9474585056304932 0
0.9130486845970154 0
0.8894795775413513 0
0.9568713307380676 0
0.890281081199646 0
0.936055064201355 0
0.934509813785553 0
0.9417420625686646 0
0.9562812447547913 0
0.9405503273010254 0
0.9399462938308716 0
0.7522667050361633 0
0.9492696523666382 0
0.9334993362426758 0
0.9126190543174744 0
0.9308460354804993 0
0.8819279670715332 0
0.8099235892295837 0
0.9767056703567505 1
0.9715017080307007 1
0.9828184843063354 1
0.9671899080276489 1
0.974934458732605 1
0.9764729738235474 1
0.9762893319129944 1
0.9514310359954834 1
0.9662183523178101 1
0.9657356142997742 1
0.9730448126792908 1
0.9418877363204956 1
0.9791287779808044 1
0.9735745191574097 1
0.9462195634841919 1
0.9821994304656982 1
0.9636438488960266 1
0.9809373617172241 1
0.951561450958252 1
0.9649989008903503 1
0.9815906286239624 1
0.9627524018287659 1
0.9651614427566528 1
0.9862931966781616 1
0.9842571020126343 1
0.9490161538124084 1
0.9611144065856934 1
0.978910505771637 1
0.9917052984237671 1
0.982467770576477 1
0.9467451572418213 1
0.9612059593200684 1
0.9615395069122314 1
0.9699932932853699 1
0.9486842155456543 1
0.9579203724861145 1
0.9500179886817932 1
0.9625041484832764 1
0.9590089917182922 1
0.9818553328514099 1
0.9638655781745911 1
0.9201279282569885 1
0.22344252467155457 0
0.20682822167873383 0
0.34584683179855347 0
0.24510005116462708 0
0.2895127534866333 0
0.438090443611145 0
0.37853166460990906 0
0.1483975350856781 0
0.4359212815761566 0
0.3801072835922241 0
0.34685277938842773 0
0.3408672511577606 0
0.3634796142578125 0
0.32831090688705444 0
0.42878851294517517 0
0.037795014679431915 0
0.09239064157009125 0
-0.009978855960071087 0
-0.057850029319524765 0
0.09082920104265213 0
0.019494444131851196 0
0.06039721891283989 0
0.08889606595039368 0
0.1481681615114212 0
0.017006181180477142 0
0.05063318833708763 0
-0.1094549149274826 0
0.11921460926532745 0
0.00870434008538723 0
0.907704770565033 0
0.8672080636024475 0
0.9219685196876526 0
0.8829075694084167 0
0.9021317362785339 0
0.875065803527832 0
0.8065758943557739 0
0.8369931578636169 0
0.8868268728256226 0
0.8285382986068726 0
0.8591897487640381 0
0.8771531581878662 0
0.813291609287262 0
0.869009792804718 0
0.9274046421051025 0
0.8216085433959961 0
0.8641443848609924 0
0.9060754776000977 0
0.936395525932312 0
0.8343744277954102 0
0.8747128844261169 0
0.8879928588867188 0
0.9064651131629944 0
0.8417747020721436 0
0.9393896460533142 0
0.8785671591758728 0
0.9361307621002197 0
0.9042845964431763 0
0.9293617606163025 0
0.9124598503112793 0
0.906535267829895 0
0.8830809593200684 0
0.7729203701019287 0
0.8740392923355103 0
0.9230737090110779 0
0.898906946182251 0
0.9081275463104248 0
0.8045801520347595 0
0.8822987675666809 0
0.8865889310836792 0
0.8772671222686768 0
0.8977232575416565 0
0.8673412203788757 0
0.8325067162513733 0
0.7985053062438965 0
0.9316998720169067 0
0.8914956450462341 0
0.964660108089447 0
0.8635668158531189 0
0.9664550423622131 0
0.9242794513702393 0
0.8637387156486511 0
0.9380334615707397 0
0.9480229616165161 0
0.9335243701934814 0
0.9239867329597473 0
0.9110418558120728 0
0.9128044247627258 0
0.8646540641784668 0
0.9083718061447144 0
0.8352739810943604 0
0.9062147736549377 0
0.8534896373748779 0
0.9717041254043579 0
0.8924739360809326 0
0.922005832195282 0
0.9369527101516724 0
0.9194394946098328 0
0.8992248773574829 0
0.8653579950332642 0
0.8396453261375427 0
0.8743964433670044 0
0.7412633895874023 0
0.8146618008613586 0
0.9181716442108154 0
0.8064203262329102 0
0.937897801399231 0
0.9346213340759277 0
0.8824407458305359 0
0.9590193629264832 0
0.9116427302360535 0
0.8928696513175964 0
0.8871580958366394 0
0.8713451027870178 0
0.8512337803840637 0
0.8291187882423401 0
0.831677258014679 0
0.8949911594390869 0
0.8741523027420044 0
0.9119017124176025 0
0.9523683786392212 0
0.8523511290550232 0
0.924878716468811 0
0.915570855140686 0
0.9123314023017883 0
0.902977466583252 0
0.8898616433143616 0
0.9337226748466492 0
0.9550509452819824 0
0.930746853351593 0
0.9235999584197998 0
0.920156717300415 0
0.9006373882293701 0
0.9373503923416138 0
0.8783461451530457 0
0.9395967721939087 0
0.9380311965942383 0
0.9726542234420776 0
0.9358981251716614 0
0.8849871158599854 0
0.8763033151626587 0
0.888456404209137 0
0.8891896605491638 0
0.8955482244491577 0
0.9680326581001282 1
0.973775327205658 1
0.9493183493614197 1
0.9772898554801941 1
0.9847235083580017 1
0.9627144932746887 1
0.9783264994621277 1
0.9730342626571655 1
0.9840828776359558 1
0.9752011299133301 1
0.9707674384117126 1
0.9780702590942383 1
0.9441362619400024 1
0.9858822822570801 1
0.9642639756202698 1
0.9742451906204224 1
0.9836993217468262 1
0.9812867045402527 1
0.9852839112281799 1
0.9846113324165344 1
0.9403525590896606 1
0.981802761554718 1
0.9817312359809875 1
0.9794737100601196 1
0.9611130952835083 1
0.9779773354530334 1
0.9874181151390076 1
0.9903201460838318 1
0.9909245371818542 1
0.9343527555465698 1
0.9999998807907104 1
0.9670447707176208 1
0.9773914813995361 1
0.9609767198562622 1
0.986134946346283 1
0.9681130647659302 1
0.9609452486038208 1
0.9500604867935181 1
0.9760734438896179 1
0.9645070433616638 1
0.9793024063110352 1
0.9643334150314331 1
0.9794346690177917 1
0.4066866338253021 0
0.4720880091190338 0
0.46114683151245117 0
0.35677796602249146 0
0.23127812147140503 0
0.5784096121788025 0
0.3359362483024597 0
0.25969287753105164 0
0.08560545742511749 0
0.47550272941589355 0
0.5056764483451843 0
0.3632580637931824 0
0.386835515499115 0
0.4073156714439392 0
0.07532688975334167 0
0.027683518826961517 0
0.03537174314260483 0
0.031141746789216995 0
0.04022188112139702 0
0.01612095721065998 0
0.008912964724004269 0
0.010353509336709976 0
0.017881641164422035 0
0.02702055312693119 0
0.08247257024049759 0
0.13472558557987213 0
0.12408259510993958 0
0.006794296205043793 0
0.054843224585056305 0
0.874880850315094 0
0.8689247369766235 0
0.8808210492134094 0
0.8457660675048828 0
0.8954953551292419 0
0.8819377422332764 0
0.8545597195625305 0
0.912101686000824 0
0.9031947255134583 0
0.9137143492698669 0
0.8867474794387817 0
0.9204028844833374 0
0.8486674427986145 0
0.9270963072776794 0
0.842427670955658 0
0.9499355554580688 0
0.8716078400611877 0
0.8810892105102539 0
0.927976667881012 0
0.894665539264679 0
0.9094771146774292 0
0.9016352891921997 0
0.8995263576507568 0
0.8824529051780701 0
0.8561379909515381 0
0.8986055254936218 0
0.9377289414405823 0
0.851326048374176 0
0.8636301755905151 0
0.8609811663627625 0
0.8592442274093628 0
0.9234569668769836 0
0.9208778142929077 0
0.8134015202522278 0
0.8463844656944275 0
0.7735687494277954 0
0.8491172790527344 0
0.8052029609680176 0
0.8909904360771179 0
0.8765320181846619 0
0.8528812527656555 0
0.9074842929840088 0
0.851223886013031 0
0.8226799368858337 0
0.7030789852142334 0
0.8869544863700867 0
0.9627549052238464 0
0.8001015782356262 0
0.9224485754966736 0
0.9115066528320312 0
0.8906314969062805 0
0.9297428131103516 0
0.8970178365707397 0
0.9503670930862427 0
0.958088755607605 0
0.8592284917831421 0
0.9141509532928467 0
0.8724855184555054 0
0.8216051459312439 0
0.9063368439674377 0
0.903026282787323 0
0.935280442237854 0
0.9198328852653503 0
0.8492803573608398 0
0.9026568531990051 0
0.907949686050415 0
0.9218320250511169 0
0.9039722681045532 0
0.9282036423683167 0
0.8382822275161743 0
0.7056346535682678 0
0.9225064516067505 0
0.7709425091743469 0
0.8858697414398193 0
0.8996344804763794 0
0.8800742030143738 0
0.8917480707168579 0
0.8606326580047607 0
0.9337729811668396 0
0.8831914663314819 0
0.95829176902771 0
0.5280176997184753 0
0.597217321395874 0
0.3626253306865692 0
0.42386284470558167 0
0.3536740839481354 0
0.22871573269367218 0
0.2771320641040802 0
0.40518882870674133 0
0.24249891936779022 0
0.43695297837257385 0
0.25872859358787537 0
0.34189143776893616 0
0.3352726697921753 0
0.3367899954319 0
0.36489349603652954 0
0.2242341786623001 0
0.2552686929702759 0
0.25505712628364563 0
0.2798897325992584 0
0.30670884251594543 0
0.31931471824645996 0
0.27440494298934937 0
0.24222901463508606 0
0.32362693548202515 0
0.5024146437644958 0
0.4146708846092224 0
0.32755228877067566 0
0.3984212279319763 0
0.2440056949853897 0
0.36541852355003357 0
0.267881840467453 0
0.338367223739624 0
0.3834591209888458 0
0.272754967212677 0
0.37467917799949646 0
0.2528672516345978 0
0.36799389123916626 0
0.402230441570282 0
0.32808512449264526 0
0.40428876876831055 0
0.2793720066547394 0
0.2481326013803482 0
0.343625545501709 0
0.2624480128288269 0
0.25315573811531067 0
0.2728276550769806 0
0.3783032298088074 0
0.24410077929496765 0
0.29519781470298767 0
0.3126559257507324 0
0.4066179692745209 0
0.20099924504756927 0
0.32254984974861145 0
0.24112461507320404 0
0.4687277674674988 0
0.43147367238998413 0
0.3684222400188446 0
0.5835764408111572 0
0.27477437257766724 0
0.2701449394226074 0
0.3188045620918274 0
0.2314612865447998 0
0.2851621210575104 0
0.17126892507076263 0
0.41611579060554504 0
0.44788050651550293 0
0.32309484481811523 0
0.27751195430755615 0
0.3831467926502228 0
0.2604527473449707 0
0.44509974122047424 0
0.3815496265888214 0
0.29469168186187744 0
0.16633281111717224 0
0.2620629668235779 0
0.26496070623397827 0
0.9175801873207092 1
0.9409219026565552 1
0.9830849766731262 1
0.9758710861206055 1
0.9853519201278687 1
0.9804826378822327 1
0.9052144885063171 1
0.979936957359314 1
0.9830933213233948 1
0.9776405692100525 1
0.9386690258979797 1
0.9272480010986328 1
0.758747935295105 1
0.9816733598709106 1
0.647213339805603 1
0.6622821688652039 1
0.5736331343650818 1
0.5781113505363464 1
0.5848115086555481 1
0.513710618019104 1
0.5845711827278137 1
0.561102032661438 1
0.5581825971603394 1
0.5493998527526855 1
0.5667652487754822 1
0.5537261366844177 1
0.5561754703521729 1
0.5855832695960999 1
0.6104696393013 1
0.23121203482151031 0
0.24115927517414093 0
0.3541935086250305 0
0.44119149446487427 0
0.3219452500343323 0
0.19400137662887573 0
0.26753178238868713 0
0.3733704388141632 0
0.3397105634212494 0
0.29465439915657043 0
0.3372413218021393 0
0.35477444529533386 0
0.2151639312505722 0
0.2819449007511139 0
0.30267196893692017 0
0.30180981755256653 0
0.27655187249183655 0
0.3401121497154236 0
0.3797343671321869 0
0.2375413328409195 0
0.30520328879356384 0
0.22578394412994385 0
0.21563364565372467 0
0.10490346699953079 0
0.4749864637851715 0
0.26256534457206726 0
0.40144142508506775 0
0.06144636124372482 0
0.34841904044151306 0
0.17856919765472412 0
0.29044198989868164 0
0.40715208649635315 0
0.37914150953292847 0
0.39667725563049316 0
0.36949512362480164 0
0.39013996720314026 0
0.21872614324092865 0
0.3132973909378052 0
0.2762993276119232 0
0.4025079309940338 0
0.34169355034828186 0
-0.04106547683477402 0
0.16313104331493378 0
0.2543087601661682 0
0.20274309813976288 0
0.16821832954883575 0
0.02503141388297081 0
0.17989635467529297 0
0.17453111708164215 0
0.18420392274856567 0
0.08638875931501389 0
0.12360351532697678 0
0.1528221219778061 0
0.1351594775915146 0
0.12064308673143387 0
0.19673413038253784 0
0.1689986139535904 0
0.16769394278526306 0
0.15476323664188385 0
0.28376099467277527 0
0.14949148893356323 0
0.10718075931072235 0
0.1789783090353012 0
0.11194422096014023 0
0.058918461203575134 0
0.15330912172794342 0
0.11256888508796692 0
0.12979747354984283 0
0.2436726689338684 0
0.1743343621492386 0
0.23114793002605438 0
0.15309537947177887 0
0.16028845310211182 0
0.29218122363090515 0
0.13471448421478271 0
0.11778409779071808 0
0.28951939940452576 0
0.23289620876312256 0
0.16415011882781982 0
0.05299895629286766 0
0.06645485758781433 0
0.11893770098686218 0
0.2913235127925873 0
0.19746403396129608 0
0.15519805252552032 0
0.0969896987080574 0
0.06956923753023148 0
0.10139016807079315 0
0.16473282873630524 0
0.022960038855671883 0
0.13322743773460388 0
0.13288350403308868 0
0.055135421454906464 0
0.032336797565221786 0
0.07150881737470627 0
0.048584792762994766 0
-0.012344776652753353 0
0.027748610824346542 0
0.1427924633026123 0
0.11988141387701035 0
0.13247421383857727 0
0.05745559558272362 0
0.04783898964524269 0
0.14159828424453735 0
0.11979659646749496 0
0.006549668963998556 0
0.07406182587146759 0
0.14101135730743408 0
0.20794007182121277 0
0.1254783272743225 0
0.09509263932704926 0
0.16747954487800598 0
0.12083398550748825 0
0.08322373032569885 0
-0.013143157586455345 0
0.026971694082021713 0
0.06641712784767151 0
0.05075961723923683 0
0.0507391095161438 0
0.04322086274623871 0
0.08927816897630692 0
-0.07644954323768616 0
0.07800982892513275 0
0.09502214938402176 0
0.11371242254972458 0
0.03363315016031265 0
-0.062478698790073395 0
0.028510667383670807 0
0.05048554390668869 0
0.007757091894745827 0
0.0778040811419487 0
0.04651346057653427 0
0.09871124476194382 0
-0.0005603057215921581 0
0.0672796294093132 0
0.05200576037168503 0
0.015099543146789074 0
0.046176403760910034 0
0.11590253561735153 0
0.06657642871141434 0
0.05465037375688553 0
0.13698159158229828 0
0.0808330625295639 0
0.09089552611112595 0
0.01014133170247078 0
0.22899292409420013 0
0.07649049907922745 0
0.061666663736104965 0
0.04560614004731178 0
0.04034069925546646 0
0.015985315665602684 0
0.018200943246483803 0
0.2079712152481079 0
0.019778570160269737 0
0.1024557575583458 0
0.03580494597554207 0
0.4719010591506958 1
0.48506125807762146 1
0.5459045767784119 1
0.5299938917160034 1
0.5585860013961792 1
0.4462616443634033 1
0.50828617811203 1
0.5934262275695801 1
0.5274093151092529 1
0.6277042627334595 1
0.580936074256897 1
0.5492832660675049 1
0.6396920680999756 1
0.53574138879776 1
0.5243700742721558 1
0.9558332562446594 1
0.9710094332695007 1
0.9928067326545715 1
0.9516571164131165 1
0.9904553890228271 1
0.9772109985351562 1
0.9869071841239929 1
0.9906624555587769 1
0.8968270421028137 1
0.9610856771469116 1
0.9920708537101746 1
0.9838324785232544 1
0.985097348690033 1
0.9955530762672424 1
0.07297368347644806 0
